$classes_schedule
11 11 1 1 18 11 11 7 8 9 11 7 7 18 8 11 11 5 4 4 5 5 0 0 9 1 1 0 4 22 
17 17 14 19 6 15 15 17 6 21 15 14 14 19 19 16 16 20 20 21 15 15 13 13 16 15 15 13 13 10 
3 3 18 18 8 3 3 12 7 7 3 8 9 9 10 1 1 12 12 16 17 17 16 16 7 3 3 1 1 17 
23 23 19 6 20 23 5 5 2 2 23 23 13 13 6 23 23 4 5 20 4 4 21 21 22 13 13 2 19 19 
15 15 4 8 9 5 19 15 5 19 13 15 15 0 13 0 0 8 9 22 13 13 15 15 5 4 4 19 18 18 
16 16 3 3 7 2 2 3 3 6 1 3 1 7 7 20 21 1 21 10 3 3 17 17 6 17 2 16 20 1 
13 4 11 11 4 17 17 11 14 8 4 11 11 8 18 13 13 17 10 9 11 11 7 18 13 14 14 7 7 9 
1 1 23 16 19 18 23 23 18 20 12 19 23 23 20 5 5 22 -1 -1 23 23 1 1 19 5 12 12 16 16 
2 13 13 2 3 19 20 19 17 17 16 16 3 3 21 21 20 13 13 -1 19 6 3 3 17 2 16 3 3 6 
7 7 21 21 11 7 6 6 22 5 8 1 8 11 11 4 4 11 11 1 1 1 11 11 12 12 5 5 12 4 

