$classes_schedule
3 3 8 8 10 0 0 6 6 9 3 3 4 4 7 13 13 17 0 9 3 17 17 7 7 3 3 13 13 4 
23 23 5 20 20 23 23 5 5 18 23 16 16 12 19 1 1 16 12 12 23 23 1 1 18 19 19 21 21 22 
15 15 13 16 16 15 2 2 19 19 15 15 2 16 6 17 20 13 13 20 19 6 21 21 22 15 15 17 17 13 
11 1 18 5 9 11 11 7 7 8 11 11 1 1 14 5 5 8 9 10 11 11 4 18 1 4 4 14 14 7 
5 5 19 6 6 3 14 20 9 22 19 19 3 3 20 4 4 1 1 14 4 3 3 5 9 1 1 3 3 14 
8 11 11 18 8 17 17 11 11 7 13 13 12 7 16 11 11 21 21 22 13 13 11 17 12 16 16 12 7 18 
13 13 15 15 5 5 15 15 8 5 0 0 15 15 10 8 21 4 4 21 0 19 19 6 6 13 13 15 4 19 
20 20 23 23 18 7 7 23 17 17 1 1 18 9 9 23 23 2 16 2 16 16 23 23 17 2 7 1 1 10 
19 6 3 3 13 19 3 3 21 6 16 21 13 13 3 0 0 5 22 13 5 5 16 3 3 0 8 16 19 8 
1 4 1 4 23 9 19 17 23 23 4 23 23 2 1 9 10 23 23 1 17 18 18 19 19 17 2 2 20 20 

