$classes_schedule
47 47 66 115 115 18 18 81 123 132 47 47 1 1 97 81 81 95 95 123 47 18 18 66 66 47 47 1 97 97 
48 48 5 5 105 48 22 22 73 73 48 48 5 85 85 48 48 22 22 73 105 105 89 89 129 85 120 120 111 111 
41 41 74 0 128 41 41 107 107 127 41 19 19 74 74 0 0 83 90 90 41 41 19 19 107 83 83 127 112 112 
49 49 15 15 121 49 3 75 75 121 69 69 3 3 110 15 15 69 75 110 49 49 98 91 91 49 49 98 98 130 
21 21 6 6 126 60 62 77 96 96 60 60 21 21 126 99 77 77 116 116 60 60 62 62 6 60 60 99 99 131 
71 2 2 87 118 27 27 93 93 118 37 37 87 87 131 37 37 108 119 119 37 37 27 27 2 37 71 71 108 108 
46 46 72 72 4 14 14 72 101 82 101 101 114 114 132 46 46 4 4 82 46 14 14 92 92 46 46 82 122 122 
9 88 88 113 113 45 45 109 109 76 45 45 70 9 9 24 24 124 124 128 45 24 24 76 76 45 45 70 70 109 
29 29 80 80 129 51 51 67 67 11 51 67 100 100 94 51 51 11 11 100 51 51 29 29 80 94 125 125 117 117 
33 33 68 68 102 33 33 102 102 130 8 79 79 90 90 33 17 17 8 8 79 123 123 118 118 33 33 17 17 68 
16 16 65 65 86 59 59 65 86 114 59 59 16 16 103 59 7 103 103 86 7 7 121 121 131 59 59 91 91 114 
58 58 26 26 63 26 26 12 84 84 63 63 12 12 84 58 58 106 106 88 58 58 106 115 115 58 88 126 126 128 
54 54 30 30 104 54 10 10 124 124 64 10 104 104 129 30 30 64 64 78 54 54 94 113 113 54 54 78 78 94 
44 44 20 20 0 0 0 84 125 125 84 84 96 112 112 44 20 20 66 98 44 44 96 98 98 44 44 66 66 132 
56 56 28 28 109 56 56 28 28 86 56 7 69 109 109 7 86 7 86 93 56 56 69 69 119 93 119 116 116 129 
36 36 97 97 92 81 81 92 111 111 73 73 97 5 5 36 36 25 25 81 36 36 127 127 130 36 25 25 73 5 
31 31 62 62 100 13 13 62 100 100 31 31 13 13 83 31 31 130 83 83 31 1 117 117 89 1 1 89 120 120 
52 52 23 23 64 52 52 64 64 122 78 78 95 122 128 52 23 23 99 11 52 52 99 99 95 11 11 114 114 78 
57 121 110 110 132 57 57 17 17 103 6 6 103 103 95 17 71 71 17 95 57 57 77 77 121 57 57 6 71 77 
10 10 102 127 116 50 50 18 18 70 50 70 10 94 116 50 50 18 18 85 85 85 131 94 127 50 50 102 102 70 
32 32 8 101 101 68 101 91 120 120 32 32 24 24 91 8 8 113 113 131 32 32 76 24 24 32 68 68 76 76 
42 65 21 21 65 4 107 123 112 107 42 42 80 80 123 42 42 21 21 107 80 90 90 112 132 42 42 65 4 4 
39 39 13 13 3 39 39 88 88 126 39 3 63 63 3 106 79 126 115 115 106 106 79 79 128 39 39 13 13 63 
104 9 104 82 130 55 72 9 72 9 55 55 20 20 93 55 55 125 117 117 55 55 20 20 72 104 82 93 82 125 
105 105 75 75 131 53 2 89 89 75 53 53 25 25 67 67 67 2 2 105 53 53 119 111 111 53 53 119 25 25 
35 35 27 27 108 74 74 87 87 110 27 12 110 129 12 35 35 74 108 108 35 35 12 87 27 35 96 96 124 124 
34 34 16 16 122 3 83 3 83 92 34 34 83 132 122 34 34 3 71 71 107 107 92 114 114 34 16 16 107 71 
65 0 0 106 106 38 38 0 77 77 38 38 22 22 111 38 38 111 126 126 38 95 95 106 -1 22 22 77 65 65 
61 61 67 67 91 61 61 14 14 7 61 61 67 7 7 61 14 14 122 122 98 98 87 110 110 98 87 87 130 91 
43 43 78 66 66 43 6 120 118 102 43 43 78 78 120 43 43 30 30 66 30 30 6 6 88 102 102 88 118 -1 
40 28 105 74 74 40 40 1 81 28 74 1 81 81 1 40 40 105 129 113 40 40 28 28 105 119 94 94 119 113 
37 37 109 116 127 15 15 69 69 116 15 15 37 37 69 12 12 76 76 127 12 76 37 96 -1 109 37 37 109 96 
60 60 10 10 72 10 60 60 117 93 19 121 60 60 19 19 19 79 93 121 72 72 60 108 117 108 108 79 79 -1 
4 97 125 128 97 97 43 90 90 112 70 4 43 43 70 29 29 43 43 70 43 43 82 82 112 29 29 4 125 82 
23 23 52 52 62 23 23 52 52 104 80 8 123 115 115 80 52 52 80 132 62 62 52 8 8 92 104 104 92 123 
63 63 41 41 103 9 9 41 128 89 26 41 41 26 63 9 103 84 118 103 26 26 41 41 124 84 84 124 89 118 
27 27 47 47 95 64 5 100 116 123 100 27 27 64 64 47 95 86 123 130 100 47 47 86 86 5 5 47 47 116 
55 55 11 112 112 101 55 68 68 14 68 94 55 55 130 75 75 55 55 94 14 101 101 14 75 14 127 11 11 127 
73 73 39 39 21 73 99 39 2 99 21 39 39 117 21 88 88 117 125 125 2 2 85 85 -1 21 99 39 39 85 
59 59 120 8 28 107 89 59 59 113 28 89 59 59 8 69 69 107 107 75 28 28 8 75 120 69 75 59 113 -1 
15 15 93 93 68 6 48 48 15 15 98 68 48 48 68 98 83 48 111 111 48 48 124 124 -1 6 6 83 83 98 
25 25 58 58 9 58 58 121 91 91 62 62 121 131 114 85 9 9 85 114 25 102 58 102 62 25 58 58 85 102 
67 67 84 109 84 22 67 51 51 22 0 51 51 0 119 92 92 51 51 118 109 109 118 119 -1 51 0 22 22 84 
103 79 63 63 79 103 103 50 50 115 29 50 50 29 96 79 122 29 29 7 50 96 7 7 -1 63 122 50 50 115 
87 71 34 34 71 20 20 105 12 12 12 105 34 105 -1 20 90 34 34 20 34 34 111 90 87 71 126 111 87 126 
38 38 116 2 125 24 66 38 38 66 24 24 38 38 81 2 2 81 81 96 24 38 66 125 99 99 116 129 96 99 
91 126 36 36 117 1 1 74 74 106 30 30 76 126 117 76 76 36 36 129 74 91 36 36 106 30 36 30 1 106 
17 40 40 17 88 17 17 104 121 64 40 40 64 121 78 64 3 40 40 -1 3 3 40 104 104 78 78 110 88 110 
53 53 18 18 82 65 53 5 65 128 5 5 119 119 -1 108 82 82 92 -1 65 108 53 53 108 18 18 53 53 92 
13 13 31 31 70 31 80 80 10 10 13 13 31 31 100 94 124 31 31 124 10 100 100 80 -1 70 70 132 94 -1 
77 4 77 130 93 35 35 16 16 72 4 97 4 97 121 77 93 35 121 -1 16 16 35 35 97 72 35 35 72 -1 
11 57 57 11 90 90 73 57 57 131 57 57 86 86 -1 86 125 19 19 -1 19 19 125 101 101 73 73 57 101 11 
72 3 56 89 23 76 97 56 56 23 72 56 56 72 76 3 123 123 3 -1 23 23 56 56 -1 97 97 76 128 89 
70 70 44 103 11 44 44 26 26 88 11 11 122 70 118 26 44 44 26 77 77 118 44 44 -1 103 103 122 77 88 
102 102 54 54 -1 83 68 4 119 68 54 54 15 15 -1 4 4 94 94 -1 68 83 54 83 102 15 15 54 54 119 
8 95 46 46 -1 28 28 8 8 67 46 46 28 28 127 95 127 67 67 -1 81 46 107 81 -1 107 107 46 46 81 
80 80 32 32 29 32 32 110 105 105 89 64 32 32 6 105 64 80 110 64 29 29 120 120 -1 89 32 29 6 6 
101 82 122 122 -1 21 21 45 45 74 96 96 45 45 101 21 21 115 74 74 82 45 45 12 82 12 12 45 115 101 
26 26 33 33 7 69 69 7 113 26 109 109 120 120 113 93 33 33 7 26 33 33 75 131 69 75 109 33 75 93 
78 42 42 25 25 42 42 2 99 117 91 91 42 42 124 73 99 42 78 2 99 25 25 2 78 124 117 73 132 73 
90 104 61 61 114 62 87 61 61 87 22 22 61 62 62 22 61 61 114 22 104 10 10 129 90 10 123 123 104 87 
66 5 49 86 5 16 49 49 5 16 49 49 111 111 86 66 66 92 127 106 86 92 49 49 16 16 106 106 127 -1 
95 120 9 9 120 100 100 20 20 129 65 95 46 46 -1 84 84 46 46 -1 20 20 46 46 100 65 65 9 84 46 
14 14 108 40 40 71 85 85 94 -1 71 71 40 40 -1 14 108 0 14 40 108 94 130 40 40 0 85 0 121 121 
1 91 91 126 47 98 98 112 1 1 79 112 47 47 79 126 47 47 98 17 17 17 63 47 47 17 63 63 131 79 
74 74 92 92 52 127 76 13 13 52 3 100 115 76 13 74 100 100 52 52 76 127 3 52 3 52 52 115 129 13 
0 87 60 60 87 125 125 132 60 60 87 0 0 98 89 18 98 98 69 69 18 89 112 60 60 112 69 60 18 18 
126 103 4 4 27 75 65 27 4 51 103 103 126 51 51 96 96 112 112 -1 75 65 51 51 65 27 51 51 27 75 
19 19 43 43 2 2 106 43 106 2 81 81 68 19 43 123 106 93 -1 43 123 81 43 43 19 68 93 128 68 -1 
24 24 1 42 42 67 108 42 42 108 1 83 90 83 42 90 126 24 24 112 67 67 108 130 83 126 112 42 42 1 
122 113 95 105 80 63 63 44 44 80 23 23 132 95 80 23 105 12 44 44 63 12 23 105 44 122 113 44 44 12 
6 101 70 77 58 88 88 58 58 101 119 119 30 30 -1 70 70 58 58 -1 6 6 30 30 77 101 77 131 58 58 
109 109 73 95 41 7 7 73 41 41 7 124 73 41 41 78 128 15 15 -1 78 78 109 95 41 41 124 15 15 -1 
79 11 55 55 14 93 128 55 62 -1 104 104 93 79 55 11 11 119 79 55 119 104 55 55 14 62 14 14 62 -1 
99 8 71 71 61 99 90 99 85 90 25 25 8 61 61 71 85 8 61 61 61 61 114 25 25 123 114 85 123 -1 
22 22 64 64 31 84 31 31 22 -1 10 123 84 10 31 107 22 88 84 31 64 31 31 123 -1 88 10 107 -1 107 
18 18 48 48 89 66 102 86 48 48 86 86 124 124 -1 5 102 102 48 48 66 66 48 18 18 130 89 5 5 -1 
82 110 38 121 110 72 82 94 9 38 97 21 72 128 38 82 121 38 38 21 97 97 38 38 94 9 21 21 9 72 
64 64 24 24 39 109 24 24 39 109 94 116 94 39 39 122 116 122 0 0 39 39 64 132 79 79 79 109 0 39 
120 6 103 70 34 87 96 6 6 13 120 117 117 34 34 13 13 70 70 34 87 87 34 128 96 13 34 34 103 103 
86 86 35 35 10 106 86 106 27 27 129 65 91 91 10 127 118 127 35 35 27 27 65 65 35 106 118 10 35 35 
62 108 59 59 19 5 92 108 108 59 110 80 62 110 59 125 59 5 5 19 92 80 80 -1 125 19 19 62 59 59 
45 45 7 7 30 95 95 97 97 45 67 111 7 67 45 121 131 121 82 30 111 82 67 45 30 82 30 97 45 45 
100 100 127 56 56 11 77 96 127 56 115 115 11 56 11 56 56 96 100 -1 69 77 17 17 56 77 17 69 69 17 
28 90 3 3 36 36 36 76 -1 -1 76 28 101 68 -1 28 28 90 131 36 101 68 68 3 36 76 101 36 36 -1 
75 75 53 53 16 105 124 53 53 63 16 16 53 53 105 124 110 110 9 9 91 63 105 63 -1 91 9 75 16 53 
84 1 113 1 26 102 54 54 71 71 93 120 54 54 71 102 26 26 102 84 1 113 26 54 54 120 130 84 93 54 
107 107 29 29 8 8 8 119 92 57 83 29 57 57 72 83 107 118 132 92 83 119 57 57 29 118 72 72 57 57 
81 99 99 125 33 12 116 33 33 20 20 20 89 73 73 116 73 99 33 33 89 125 33 33 20 81 81 12 12 -1 
2 78 126 49 49 104 94 23 49 49 126 74 49 116 104 129 78 78 23 23 94 74 74 23 116 2 2 49 49 104 
88 66 100 100 24 85 11 11 24 24 85 85 129 11 37 100 117 37 37 24 88 122 122 37 37 66 66 117 37 37 
108 122 79 108 32 108 4 32 32 69 122 26 26 69 32 113 113 131 96 79 96 79 32 26 26 4 4 32 32 69 
7 7 86 91 18 86 64 98 7 50 111 98 98 50 50 111 18 50 50 18 127 50 86 64 64 127 91 18 -1 50 
30 30 89 102 67 121 12 40 40 40 112 87 112 89 40 87 87 132 12 12 102 121 102 67 67 40 40 40 30 30 
106 106 22 22 77 77 119 66 66 8 58 58 58 58 22 119 115 66 77 58 8 8 115 58 58 128 92 92 106 22 
76 76 76 99 35 96 120 35 35 35 35 35 35 27 27 114 74 114 130 99 120 99 2 74 74 96 27 27 2 2 
98 98 90 90 15 124 71 15 131 42 124 114 71 71 15 10 10 10 42 42 42 42 42 42 81 114 98 81 81 15 
51 51 51 51 73 94 16 103 103 6 75 75 6 6 -1 115 94 73 73 51 125 75 16 16 51 125 115 103 51 16 
129 62 19 19 1 47 47 47 95 62 82 82 82 123 47 104 104 104 47 47 95 111 1 1 123 111 62 19 19 47 
89 84 25 84 -1 89 105 63 63 61 9 9 105 84 25 25 25 129 105 -1 124 124 61 61 61 61 61 61 63 9 
5 17 17 88 -1 34 34 34 34 17 121 110 65 65 65 97 5 97 88 5 121 110 97 34 17 80 80 80 34 34 
3 72 14 57 57 91 91 101 3 3 77 77 77 101 57 57 57 57 57 14 126 126 72 72 -1 110 110 101 14 14 
68 68 82 44 44 82 109 82 0 44 44 44 44 44 28 109 109 28 28 -1 0 88 88 68 28 121 121 130 -1 0 
83 93 107 107 60 70 70 70 23 4 114 93 23 23 60 60 60 60 60 4 4 114 83 107 23 132 -1 -1 60 83 
92 92 123 123 -1 78 78 78 31 31 102 102 29 102 29 63 63 63 128 29 9 9 9 31 -1 31 31 31 31 29 
20 20 85 104 85 122 104 122 70 85 90 90 116 130 20 41 41 41 20 104 70 70 4 4 4 116 41 41 41 41 
69 69 69 38 75 126 75 21 21 21 131 126 75 93 -1 101 101 101 -1 38 5 5 5 93 38 38 38 38 38 21 
127 127 45 45 76 118 118 95 98 98 95 76 74 -1 98 45 45 45 45 76 13 13 13 13 45 74 74 8 8 8 
93 125 98 98 98 80 93 125 80 53 18 18 18 18 53 53 53 53 53 80 118 64 129 10 53 64 64 118 10 10 
97 96 96 79 13 79 79 126 126 0 52 52 52 52 0 117 97 13 13 97 73 73 73 0 52 117 13 52 52 -1 
94 81 81 81 59 114 127 127 114 94 17 17 17 17 -1 72 72 59 59 72 59 59 59 59 7 7 7 100 100 100 
121 132 121 78 78 29 29 29 29 33 33 33 33 33 -1 65 65 65 -1 3 103 103 103 78 33 3 3 90 33 90 
85 85 119 85 119 92 110 36 36 -1 36 36 36 36 92 1 1 109 109 28 71 71 71 109 1 28 28 28 110 36 
50 50 50 96 96 113 122 131 122 -1 66 66 66 -1 24 6 6 6 -1 50 113 86 50 50 50 24 24 24 86 86 
112 112 106 120 46 46 46 46 46 -1 106 106 85 88 46 62 62 85 120 46 11 11 11 88 85 26 26 26 26 62 
12 12 12 69 69 119 84 118 130 119 99 99 99 118 -1 32 32 32 32 -1 84 69 84 32 32 23 23 23 23 32 
124 77 101 124 43 19 19 19 43 43 2 2 2 77 77 68 68 68 101 101 93 93 116 116 43 43 43 43 -1 19 
125 83 83 83 6 30 30 30 132 39 108 108 108 125 30 39 39 39 6 6 117 117 39 39 39 67 67 67 95 95 
113 128 87 -1 55 123 123 113 55 55 107 107 107 66 66 91 91 87 87 15 15 15 15 -1 55 55 55 55 -1 66 
-1 -1 -1 73 54 111 111 128 54 54 105 125 125 8 54 54 54 54 89 89 21 21 21 73 73 8 8 105 21 105 
132 94 94 12 12 120 117 79 79 79 117 -1 106 106 106 120 -1 56 56 56 22 22 22 22 12 56 56 56 56 -1 
115 115 -1 -1 81 -1 126 -1 -1 81 92 92 -1 49 49 49 49 49 49 -1 129 -1 81 126 49 20 20 20 20 -1 
-1 -1 112 -1 48 130 -1 -1 -1 -1 88 88 127 127 48 16 16 16 16 -1 112 0 0 48 0 48 48 48 48 -1 
123 123 37 37 37 37 37 37 37 -1 14 14 14 14 -1 131 -1 91 63 63 115 115 91 100 63 100 100 3 3 3 
-1 129 -1 -1 83 -1 113 83 -1 83 -1 122 -1 4 4 27 27 27 91 91 122 4 70 70 70 105 105 113 105 27 
119 119 118 -1 107 25 25 25 -1 5 -1 72 -1 107 107 118 80 72 72 25 90 -1 -1 5 5 90 128 -1 80 80 
130 -1 -1 -1 -1 -1 114 114 104 95 -1 -1 9 75 75 -1 120 75 104 67 -1 120 104 9 9 95 -1 -1 67 67 
116 89 124 -1 124 132 -1 -1 78 78 116 -1 -1 -1 -1 103 89 62 62 62 -1 -1 78 103 103 -1 -1 7 7 7 
-1 124 -1 76 99 112 112 124 76 -1 -1 -1 -1 99 99 89 -1 89 10 10 131 -1 -1 -1 10 -1 76 64 64 64 
-1 -1 129 94 94 -1 -1 111 -1 -1 127 127 -1 -1 -1 -1 -1 1 1 1 -1 84 -1 84 84 -1 111 74 74 74 

