$classes_schedule
63 63 37 37 118 63 160 160 134 134 99 99 184 184 208 63 63 118 118 170 13 13 99 160 170 63 63 37 37 13 
67 67 93 93 193 1 113 113 166 166 38 38 1 1 166 67 38 38 93 113 67 67 146 146 201 67 67 182 182 193 
65 65 32 32 102 195 195 139 139 206 65 18 18 161 169 65 65 102 102 111 65 65 161 161 169 32 32 18 111 111 
80 80 4 4 90 151 151 136 136 203 80 80 22 22 4 80 80 22 22 114 80 90 90 114 114 151 171 171 187 187 
64 12 183 183 192 64 64 34 34 153 117 192 142 142 202 64 64 97 97 153 34 34 12 12 97 64 64 117 117 153 
44 44 168 168 191 78 44 44 152 152 78 78 5 5 140 5 91 125 191 140 78 78 125 125 152 78 78 91 91 207 
39 39 17 17 177 55 55 17 122 122 55 55 39 39 104 55 104 104 190 199 122 162 162 133 133 55 55 162 177 190 
84 84 147 147 137 84 84 10 10 137 84 33 33 103 103 84 84 115 115 147 181 181 188 188 200 33 33 10 103 115 
52 174 174 189 189 52 52 42 42 11 52 52 42 42 105 105 105 116 116 164 164 164 131 131 204 52 52 11 11 116 
53 53 120 149 197 120 120 149 149 197 53 28 28 107 107 53 53 15 15 107 173 173 132 132 207 53 53 28 28 15 
76 76 124 124 158 76 76 158 158 205 76 194 194 141 141 46 46 7 172 172 76 76 7 7 88 46 46 88 88 124 
47 47 186 186 138 75 47 47 159 180 75 75 3 159 159 3 3 98 98 112 75 75 98 112 112 75 75 180 138 208 
45 45 106 143 143 68 45 45 155 155 68 68 14 126 126 68 68 106 106 155 68 68 14 14 126 178 178 198 198 202 
175 175 144 144 200 70 16 16 100 100 100 157 157 185 185 70 70 128 128 157 70 70 41 41 128 70 70 41 41 16 
101 101 148 148 201 35 35 121 121 130 83 83 179 179 130 83 83 0 0 121 83 35 35 148 196 83 83 0 101 196 
72 72 188 129 204 24 24 167 167 129 72 24 24 176 176 72 72 108 123 123 2 108 108 123 167 72 72 2 2 188 
56 56 94 190 135 25 25 94 94 127 56 8 8 183 183 56 56 163 163 205 25 25 127 127 163 56 56 8 190 135 
73 110 110 145 145 73 73 9 9 170 73 73 89 89 165 73 73 89 165 165 29 29 9 170 206 29 29 110 184 184 
85 85 27 27 19 27 27 119 154 154 19 19 119 119 154 85 85 96 96 203 85 85 192 192 134 85 96 178 178 134 
69 69 6 6 92 69 69 127 127 150 92 92 173 173 199 43 43 127 130 130 69 69 43 43 198 69 6 150 150 198 
86 86 20 20 116 86 86 196 196 199 86 86 10 10 132 116 116 156 156 169 20 20 95 95 156 86 10 95 169 132 
77 36 36 7 7 77 77 109 109 125 185 185 136 136 204 109 125 165 125 175 77 77 165 165 175 77 77 36 36 7 
48 48 118 118 163 9 93 182 182 202 48 48 40 40 118 48 48 40 40 197 9 9 93 93 197 48 163 163 129 129 
59 100 189 139 168 59 59 26 26 120 59 59 100 3 100 59 59 157 157 168 26 26 120 120 157 3 3 189 139 203 
87 109 109 176 176 87 87 21 21 109 11 111 111 151 151 194 194 145 145 200 87 87 11 11 111 87 87 21 21 151 
31 31 172 172 141 96 164 193 193 207 54 54 15 15 96 54 54 124 124 96 54 54 31 31 124 54 15 164 164 141 
57 23 23 114 114 57 57 23 23 103 1 103 159 177 177 159 159 186 186 201 57 57 114 135 135 57 57 1 1 103 
71 71 195 195 147 30 30 13 92 128 180 142 92 92 142 71 71 30 30 208 71 71 13 13 180 71 128 128 147 147 
62 62 12 150 144 62 62 24 24 97 62 62 97 97 122 122 122 179 179 144 150 150 191 191 199 62 24 24 12 12 
82 82 26 26 206 0 107 107 161 138 26 26 107 187 187 82 82 112 161 161 82 112 112 174 174 82 82 138 0 0 
2 2 115 115 205 74 23 95 160 23 74 74 160 160 171 74 74 95 95 115 74 74 23 23 171 2 194 194 143 143 
66 6 113 113 162 113 162 162 140 140 44 44 181 191 191 66 66 6 6 181 66 66 207 99 99 66 66 44 44 99 
50 88 88 117 196 155 182 146 204 182 50 50 17 17 117 50 50 46 46 117 88 155 155 196 146 50 50 46 46 17 
4 4 178 193 202 105 148 148 133 193 49 29 29 148 133 49 49 126 126 178 49 49 29 29 4 49 49 105 105 126 
79 79 14 119 37 79 89 89 180 189 37 37 137 137 89 79 79 14 14 207 79 79 158 180 189 37 119 119 158 158 
60 60 5 5 152 60 60 5 187 121 60 60 106 131 40 40 152 152 171 171 60 121 187 206 131 40 40 106 106 121 
81 81 139 36 36 81 18 18 197 139 81 81 153 18 153 36 110 110 104 104 110 172 172 197 203 81 81 104 153 36 
123 123 154 188 188 51 28 28 90 90 51 51 154 154 134 51 51 90 176 176 51 51 19 134 208 28 28 19 19 123 
110 167 167 110 186 61 61 108 108 167 61 61 35 35 108 168 168 136 205 186 61 61 8 8 136 61 35 35 8 110 
58 124 132 132 124 58 58 33 33 16 166 166 201 181 181 16 16 195 195 102 58 58 33 33 102 58 58 102 124 166 
27 50 50 15 27 94 156 156 198 198 94 94 50 50 173 15 15 50 112 156 50 50 27 27 173 112 112 130 130 204 
183 183 190 200 190 45 78 78 45 1 91 1 78 78 1 91 127 149 127 149 127 149 78 129 129 45 45 78 78 91 
156 58 184 184 199 10 10 58 58 156 98 125 125 145 145 58 58 47 47 10 47 47 156 98 98 125 177 58 58 177 
20 20 82 165 165 101 101 126 165 185 5 5 101 133 203 126 126 82 82 133 179 82 82 179 185 20 20 82 82 5 
42 42 123 174 146 12 79 79 12 192 79 79 192 146 92 92 92 79 174 163 123 123 79 79 205 42 42 12 163 163 
19 19 80 80 154 80 80 22 22 200 154 100 80 80 190 169 169 190 131 131 100 80 100 122 122 22 22 122 154 19 
54 54 114 152 207 11 114 152 175 175 21 21 189 189 97 97 97 54 54 143 11 11 54 152 143 21 54 54 114 21 
128 128 31 31 170 83 128 101 101 148 148 137 83 83 206 170 195 3 137 195 31 83 83 3 31 101 148 83 83 3 
30 118 158 141 208 108 108 86 86 30 158 158 86 86 182 6 118 194 194 118 86 86 6 6 108 30 86 30 141 182 
41 41 111 111 203 18 149 87 87 18 111 177 177 144 144 87 87 41 41 18 98 186 87 87 149 98 98 87 149 186 

