$classes_schedule
31 31 7 74 74 31 31 12 12 74 48 48 7 7 94 31 31 12 12 63 48 63 63 70 70 31 89 89 84 84 
27 27 45 80 96 27 23 23 4 4 27 27 4 58 66 45 45 58 58 91 27 27 23 23 85 80 80 91 66 85 
39 53 59 59 72 39 39 0 0 72 39 39 19 19 88 67 67 82 82 94 19 19 59 72 88 39 39 53 53 0 
41 41 22 22 46 71 71 83 83 93 41 41 22 22 55 6 6 79 92 92 41 46 46 55 55 41 41 6 79 79 
47 47 60 77 87 36 2 90 90 87 77 77 68 68 95 36 36 18 18 47 36 36 2 2 60 36 36 18 18 60 
34 56 56 90 90 34 34 15 15 1 64 64 86 86 97 34 34 54 54 76 1 1 56 76 76 34 34 15 15 54 
38 38 8 8 92 38 38 24 24 8 38 38 92 81 96 24 24 61 61 73 49 49 69 69 81 38 49 61 73 73 
57 57 65 65 84 29 29 16 16 9 29 29 51 51 9 29 51 57 78 78 29 29 78 84 95 16 16 9 89 89 
37 37 3 3 91 62 62 75 75 85 37 17 17 62 93 50 75 68 68 85 37 37 17 17 3 37 37 50 50 91 
5 88 88 83 83 52 52 5 5 61 25 25 21 21 52 25 25 78 70 61 25 21 21 78 78 25 25 70 61 97 
42 42 2 2 56 42 42 56 56 75 52 52 81 92 92 42 42 20 20 52 20 20 67 67 2 42 75 75 81 96 
28 28 13 13 1 28 50 50 60 90 13 13 50 64 64 28 28 74 74 82 28 28 1 1 74 60 60 90 82 94 
44 44 89 89 86 44 44 55 55 73 46 3 3 55 86 44 46 46 66 66 14 14 3 73 73 44 44 14 14 95 
7 7 58 58 65 40 40 88 81 81 40 80 48 88 -1 40 40 80 80 58 40 40 10 10 65 10 10 48 48 7 
26 26 11 11 45 26 26 62 62 76 62 76 76 91 69 26 0 0 87 96 26 26 45 45 69 11 11 0 91 87 
32 32 47 84 77 32 32 19 92 92 32 32 84 97 19 32 57 6 57 71 6 6 19 19 57 47 47 77 77 71 
43 43 63 63 82 72 88 71 88 82 43 21 49 49 21 43 43 9 71 93 21 72 49 21 63 43 43 72 9 9 
30 59 79 91 59 30 30 59 91 5 30 30 18 53 53 30 30 5 5 18 79 79 68 68 93 18 18 85 85 53 
54 54 86 79 79 35 35 58 89 12 12 58 58 79 89 35 35 8 8 54 35 35 12 12 8 35 66 66 86 93 
4 4 80 87 80 33 33 4 65 62 17 51 94 17 51 33 33 62 62 80 33 90 90 65 87 33 33 17 17 51 
46 6 41 41 6 41 41 20 20 55 20 20 41 78 78 46 70 70 46 6 78 41 41 81 97 55 55 92 92 81 
13 13 28 51 5 61 28 28 61 88 28 28 5 5 76 51 61 28 28 51 76 76 88 82 82 13 13 64 64 -1 
91 91 38 57 57 74 67 38 38 95 50 74 38 38 74 1 1 24 24 57 50 50 86 86 67 24 38 38 24 1 
10 30 30 10 48 48 72 85 85 97 7 63 30 30 48 90 90 30 69 69 30 30 72 63 72 7 7 10 10 63 
22 22 26 26 2 22 56 2 2 89 26 26 52 52 22 73 26 26 73 89 52 56 26 56 96 73 67 67 83 83 
53 60 53 88 88 23 9 82 23 94 9 43 43 9 77 23 65 43 43 65 43 43 53 60 23 77 77 43 60 82 
59 89 4 95 89 14 14 33 33 47 33 33 14 14 75 47 47 33 33 87 4 33 4 64 64 59 59 87 75 75 
3 3 32 32 97 3 55 32 32 91 91 68 83 83 68 55 32 32 55 77 16 16 54 54 77 32 54 16 16 77 
11 11 49 96 58 25 25 66 58 66 49 49 75 84 58 0 84 25 25 0 11 25 11 75 75 0 90 25 25 90 
45 8 27 27 8 57 92 92 84 84 15 15 27 27 80 15 15 45 45 8 69 69 27 27 94 27 57 57 80 80 
12 61 73 86 93 12 12 39 73 70 51 91 39 39 91 39 39 73 6 12 51 51 6 6 86 61 61 39 39 70 
2 2 90 71 22 60 76 44 44 52 44 44 85 76 85 52 44 52 2 90 22 60 60 71 -1 22 22 44 44 76 
78 78 92 67 67 9 78 42 42 56 42 54 13 13 83 56 56 42 42 83 13 13 9 9 -1 54 42 42 54 92 
84 46 46 4 4 88 36 36 71 71 24 24 79 95 84 4 59 36 79 46 59 59 36 36 79 88 24 36 36 24 
72 34 34 69 69 10 89 34 72 83 10 10 0 0 72 62 50 50 89 97 34 34 0 83 10 50 62 34 34 62 
35 35 16 16 66 16 48 48 3 3 63 88 63 66 81 74 74 35 35 81 3 74 35 88 -1 48 35 35 63 16 
92 72 72 92 95 1 59 72 87 65 21 45 29 29 45 21 29 29 21 45 65 87 29 29 21 29 1 1 59 59 
73 5 5 73 64 19 19 40 86 86 19 40 40 89 5 89 55 40 40 55 53 53 40 40 19 53 73 55 93 64 
23 23 57 82 71 37 37 8 8 57 74 37 37 74 82 57 71 90 96 74 47 47 37 8 90 23 23 37 37 47 
49 92 31 31 94 7 7 31 31 -1 31 92 77 63 17 17 17 31 31 70 17 77 77 49 49 63 63 7 70 -1 
60 85 35 35 60 90 60 35 35 14 14 9 9 85 -1 54 9 75 75 35 54 54 75 35 35 14 14 68 90 68 
36 36 15 15 51 56 1 1 36 96 56 56 69 69 87 76 76 51 36 36 88 88 51 87 36 15 15 76 1 36 
6 79 6 28 28 18 18 47 94 -1 79 62 28 28 62 79 62 67 67 28 18 18 28 28 6 91 91 47 47 -1 
61 80 61 46 41 68 68 41 41 -1 11 11 46 46 -1 80 80 91 91 95 2 11 61 41 41 2 2 41 41 11 
20 20 44 44 78 20 58 78 48 58 89 89 44 44 20 8 78 44 44 -1 68 48 48 97 68 8 8 58 -1 44 
58 45 43 43 -1 91 91 18 18 67 45 4 45 43 43 18 18 77 77 67 77 4 43 4 84 58 58 84 43 43 
56 65 93 30 30 5 10 30 30 10 5 5 80 80 30 86 89 56 30 30 10 10 50 50 56 89 50 80 65 86 
63 63 66 66 81 13 13 25 49 49 75 75 25 25 49 63 92 92 0 25 0 0 25 25 -1 75 81 13 13 25 
24 24 78 78 -1 24 24 61 78 33 53 53 33 70 7 53 85 85 90 33 7 7 33 33 61 90 70 33 33 61 
52 52 91 38 38 82 3 91 82 38 3 19 93 3 79 38 38 19 52 79 64 64 79 59 59 19 19 59 38 38 

