$classes_schedule
120 120 122 242 242 88 88 40 40 170 88 88 40 40 120 88 88 21 21 170 185 185 205 205 248 88 122 122 21 185 
59 59 35 35 118 35 35 17 17 186 59 118 118 145 247 142 186 186 202 202 59 59 142 142 17 59 59 235 235 145 
84 84 27 27 132 84 84 27 27 193 4 193 193 156 156 84 84 114 114 132 84 132 4 4 246 114 238 238 212 212 
85 85 28 28 124 85 229 229 152 152 85 85 28 28 106 184 184 211 211 244 106 106 124 124 10 85 85 10 10 184 
87 13 13 191 203 87 87 25 25 130 25 25 203 147 243 130 130 191 191 237 87 87 95 95 13 87 87 95 237 147 
73 73 96 96 172 73 73 48 48 158 73 96 172 172 206 48 48 7 232 232 121 121 206 158 251 73 73 121 7 7 
102 102 129 168 168 61 61 102 24 199 41 41 24 24 199 61 61 41 41 250 61 61 129 129 199 61 233 233 223 223 
91 46 46 101 9 101 101 137 137 241 91 91 137 200 241 91 91 9 9 219 46 46 154 154 245 91 91 200 200 219 
75 15 15 173 173 75 75 50 50 140 99 99 230 230 204 75 75 99 15 173 140 204 148 148 249 75 75 50 50 140 
83 83 53 53 215 119 138 138 236 236 83 83 192 153 153 119 119 19 192 192 83 83 53 53 138 83 19 19 215 252 
60 60 240 165 165 108 108 143 18 196 60 60 108 196 196 60 60 214 214 247 47 47 18 18 240 60 47 47 143 143 
92 92 5 159 252 92 92 26 26 159 190 190 239 239 218 92 26 26 5 5 92 92 115 133 133 115 115 133 190 218 
82 42 42 131 131 82 82 131 23 23 82 82 188 188 149 82 82 23 216 216 42 42 110 110 149 110 188 228 228 250 
62 62 98 144 144 62 227 227 213 246 16 16 176 162 162 62 62 36 36 16 36 36 176 176 213 62 62 98 98 144 
105 105 187 187 151 67 67 14 14 225 67 67 49 49 105 67 67 224 224 151 67 49 49 141 187 141 141 14 225 244 
64 64 104 221 221 64 64 171 171 243 127 127 183 183 226 37 37 127 183 226 64 64 37 37 12 64 104 104 12 12 
70 70 45 45 210 70 70 116 116 128 128 128 2 180 180 70 70 146 146 245 70 45 45 116 234 2 2 180 234 210 
74 74 0 0 231 74 38 38 97 135 0 198 231 220 220 97 97 135 135 198 74 74 164 164 250 74 74 38 38 198 
79 79 136 136 178 79 32 32 231 231 109 109 136 1 1 1 178 178 208 208 79 79 32 32 109 79 79 155 155 248 
86 86 54 54 234 217 217 150 150 252 86 86 134 20 234 54 54 107 107 197 86 86 107 134 134 86 20 20 197 197 
89 100 22 22 194 89 89 30 30 247 89 89 30 30 123 89 89 100 100 194 123 123 194 239 239 22 209 209 167 167 
66 66 29 29 181 66 66 112 3 181 181 233 233 160 251 29 29 112 112 139 66 139 139 3 3 66 66 207 207 160 
189 189 228 157 157 65 65 125 125 189 8 8 222 222 249 65 65 31 31 8 65 31 31 113 113 65 65 113 125 228 
68 68 126 175 175 68 103 126 126 204 68 68 169 169 245 39 39 11 11 204 39 39 11 225 225 68 68 103 103 175 
177 177 227 227 223 71 71 34 34 117 71 71 34 34 6 71 71 128 6 6 71 223 163 163 247 117 117 128 128 177 
77 111 111 133 201 77 77 43 43 133 23 23 201 201 166 77 77 43 43 111 77 77 133 23 244 238 215 215 238 166 
94 94 179 15 179 94 118 118 203 203 94 94 44 44 118 94 94 161 161 249 15 15 123 123 179 44 44 123 226 226 
90 95 95 13 169 195 195 241 211 169 90 90 52 52 142 90 90 52 52 248 142 142 13 13 241 90 90 195 95 211 
72 72 51 51 108 72 51 51 174 174 72 72 232 108 108 20 20 232 163 163 122 20 246 206 206 72 72 174 122 122 
99 99 11 182 214 55 55 11 11 214 55 55 99 251 160 55 55 235 235 160 55 33 33 144 144 33 33 144 182 182 
81 182 153 240 240 81 81 182 182 125 97 97 219 219 248 81 81 29 29 17 81 81 29 29 97 125 125 17 17 153 
34 34 107 19 19 56 56 107 107 34 56 132 194 194 230 56 56 132 132 210 56 56 230 194 210 34 159 159 19 243 
63 63 24 24 188 63 50 114 114 50 140 140 168 168 188 63 63 50 50 246 188 237 237 216 216 63 63 114 140 24 
69 69 119 174 229 28 28 130 164 164 69 69 130 130 28 69 222 119 119 251 10 10 174 174 222 69 69 28 229 10 
30 30 139 198 198 58 58 139 139 116 30 30 198 217 252 58 58 116 116 22 58 242 242 156 156 58 58 22 22 217 
41 41 105 105 134 76 134 134 0 0 76 76 0 236 183 41 41 183 236 183 76 76 105 250 154 76 76 213 213 154 
57 57 149 98 98 57 57 239 239 244 57 131 131 176 176 98 7 176 7 149 57 57 26 26 7 26 26 131 220 220 
93 54 117 166 54 117 117 127 127 197 93 93 16 166 250 127 209 54 54 209 93 93 16 16 197 93 93 197 233 233 
80 106 186 186 236 14 14 157 157 250 27 27 14 221 221 80 80 129 129 236 80 80 106 106 186 80 80 27 27 129 
178 178 145 145 227 110 110 4 208 208 78 78 39 39 136 78 110 136 136 178 78 78 39 39 243 78 78 4 4 227 
58 58 112 112 190 33 141 58 58 190 207 207 171 171 246 6 190 58 234 234 33 141 141 33 6 112 6 58 58 33 
2 2 85 85 245 36 85 85 36 113 121 121 85 85 224 36 36 121 199 229 85 199 199 224 170 113 113 2 170 229 
45 45 137 137 232 45 72 72 45 101 12 12 72 232 202 101 101 179 158 158 72 72 137 12 202 179 179 72 72 249 
43 43 59 59 1 59 59 162 241 248 126 126 1 185 185 126 1 185 205 205 111 111 59 241 162 43 43 59 59 111 
96 138 138 235 235 48 48 65 65 138 65 180 96 96 148 3 3 65 65 48 212 65 65 212 148 48 3 243 180 180 
181 181 218 228 146 8 181 57 57 228 143 57 143 218 244 42 143 8 8 146 104 104 57 57 42 57 57 42 42 104 
44 44 252 5 5 172 172 55 225 147 100 172 55 55 209 124 124 55 55 147 44 55 55 44 5 100 100 124 209 225 
47 47 86 18 18 86 86 47 47 103 237 237 151 247 222 135 135 177 177 222 103 103 86 86 135 18 86 86 177 151 
46 80 21 46 21 80 80 46 143 249 120 120 21 143 143 120 230 230 155 224 196 224 80 80 46 196 196 80 80 155 
115 115 9 9 192 9 68 68 215 215 129 129 68 68 150 68 115 240 245 129 37 37 192 192 150 37 37 68 68 240 
38 38 94 217 217 102 94 94 193 3 102 102 3 193 193 38 38 94 94 122 3 122 122 238 238 94 94 161 161 251 
35 35 92 92 0 109 109 0 165 165 137 200 109 246 200 137 92 92 137 200 226 226 92 203 203 92 92 35 35 0 
20 20 99 99 167 123 123 89 89 167 206 206 89 89 -1 31 31 89 89 99 20 173 173 231 231 89 31 31 123 173 
67 118 207 152 152 40 40 67 67 6 139 139 195 242 242 40 40 67 67 207 118 67 67 118 139 6 195 6 195 245 
124 82 82 124 184 51 154 82 82 51 98 98 82 9 9 221 221 184 184 154 51 51 236 236 252 82 82 9 124 98 
220 220 73 189 189 53 116 24 238 238 116 73 73 249 24 141 141 189 159 159 73 73 116 24 53 53 53 73 73 141 
233 96 233 216 216 25 140 140 2 2 151 151 78 78 25 140 78 78 187 187 96 96 78 187 -1 25 25 78 78 2 
49 49 66 66 11 131 131 66 191 11 131 100 100 191 191 49 49 149 149 100 11 66 66 208 208 242 242 66 66 246 
136 136 19 201 213 201 201 56 56 148 52 56 111 111 52 19 19 227 227 213 52 52 56 56 111 56 56 136 148 247 
138 91 91 138 202 32 1 101 32 1 187 187 202 243 168 138 187 91 168 235 91 91 101 101 1 32 32 91 91 235 
158 90 41 41 102 41 130 158 130 251 241 241 90 90 16 102 102 90 90 41 16 16 175 175 204 130 175 90 90 204 
104 104 84 84 38 228 228 84 223 223 104 7 185 170 170 7 185 84 84 38 134 84 84 7 185 38 38 134 134 -1 
225 225 64 64 160 189 189 64 64 160 64 64 51 51 117 51 51 142 142 12 12 12 64 189 142 214 214 117 117 -1 
112 112 79 79 145 112 176 176 244 48 79 79 127 127 14 239 239 210 210 145 48 14 79 14 176 127 48 79 79 48 
133 5 231 231 248 5 76 109 109 40 40 40 76 76 109 76 76 40 133 133 5 177 76 76 212 177 177 212 163 163 
88 88 219 171 171 144 21 88 21 183 144 144 237 252 219 34 34 88 88 114 114 114 183 183 237 21 88 88 34 34 
106 132 106 132 10 10 211 211 147 245 43 43 83 83 10 83 43 234 179 43 179 234 83 83 147 106 83 83 132 179 
174 87 87 120 247 126 126 15 15 240 87 87 54 126 205 240 205 165 165 54 174 174 87 87 15 54 54 87 120 120 
27 27 69 69 230 230 8 8 195 195 156 156 69 27 27 115 8 115 195 135 69 69 218 218 -1 135 135 69 69 115 
17 81 81 226 211 113 196 81 81 211 33 196 128 128 169 113 113 81 81 243 17 17 81 196 33 128 226 33 33 169 
22 232 181 181 251 232 45 71 71 45 108 22 22 207 207 125 125 71 71 181 45 71 71 45 125 71 108 108 162 162 
121 77 77 23 155 44 44 180 229 229 180 205 180 155 -1 121 121 77 97 97 97 23 77 77 23 77 77 44 44 205 
32 103 142 4 161 213 213 61 161 32 142 142 4 4 194 32 32 61 61 103 194 194 61 61 103 237 61 61 248 237 
37 131 60 60 150 18 216 110 131 227 193 227 60 60 -1 18 18 60 37 37 193 193 216 150 37 131 60 60 110 110 
235 235 223 153 153 105 62 62 105 134 62 62 13 134 134 105 13 62 49 49 49 13 182 49 182 182 223 62 62 -1 
107 107 74 74 139 202 74 74 10 10 31 31 139 139 -1 74 74 200 200 107 31 202 157 31 242 10 200 74 242 157 
21 236 70 70 46 236 166 70 70 217 70 46 46 95 197 122 122 197 166 252 197 70 70 46 122 95 95 21 217 21 
42 75 75 42 17 17 17 75 250 191 191 228 228 164 164 123 123 222 222 119 75 75 119 119 191 42 42 75 75 123 
125 9 146 107 107 186 63 63 146 239 39 39 9 244 239 9 219 63 186 186 63 63 125 125 219 39 39 63 63 107 
100 173 100 220 226 93 93 167 167 30 226 220 93 93 30 30 30 124 173 -1 124 124 93 8 173 8 8 93 93 100 
29 29 88 88 95 29 29 218 218 -1 15 231 88 88 231 95 95 133 170 88 133 133 15 15 188 188 170 188 88 88 
119 119 229 82 82 16 16 35 35 82 119 175 175 152 152 16 137 82 82 137 35 35 229 137 175 203 203 82 82 -1 
232 166 232 249 166 199 144 144 55 109 199 199 25 25 55 109 109 12 12 55 25 25 144 55 55 55 55 12 214 214 
18 208 57 57 47 225 18 18 201 57 47 208 57 57 171 129 129 102 201 201 102 102 225 247 57 47 129 57 47 171 
52 238 178 178 96 96 96 59 59 24 24 59 59 178 238 52 52 141 141 221 141 24 52 59 59 221 160 160 244 59 
126 67 67 126 233 116 233 172 246 67 7 224 67 67 172 53 53 126 172 67 7 7 145 67 145 116 116 53 53 224 
241 206 206 146 249 50 190 190 94 94 50 3 94 94 121 190 146 3 115 94 50 50 121 115 115 121 241 94 94 3 
1 93 93 1 138 184 105 93 184 230 26 26 105 105 93 26 138 138 26 -1 1 230 156 93 93 184 210 210 156 93 
98 98 80 80 4 192 192 80 28 28 135 4 98 192 4 204 204 80 80 -1 28 28 135 135 80 240 240 150 150 80 
19 198 198 251 85 127 198 117 85 85 36 36 117 117 85 234 212 212 153 153 127 85 127 19 19 36 36 85 85 234 
110 110 2 2 74 152 152 250 74 74 2 236 236 215 128 110 179 74 74 179 128 128 215 52 52 52 52 179 74 74 
227 22 44 44 22 140 22 108 108 71 44 108 71 71 140 227 149 209 209 -1 175 140 149 71 71 175 71 71 175 44 
54 11 177 177 228 11 11 92 92 177 136 221 163 228 -1 111 111 163 92 92 54 54 111 92 92 136 136 92 54 221 
132 186 132 86 86 13 13 86 86 157 101 211 86 211 -1 50 50 13 240 240 101 101 50 50 157 132 186 186 86 86 
14 165 30 232 120 198 165 198 243 70 130 70 70 120 198 232 216 70 70 30 14 216 14 70 70 30 30 120 130 130 
143 242 242 202 66 159 5 202 66 35 66 66 113 5 5 35 35 143 143 184 113 113 35 66 66 159 184 184 245 66 
78 78 39 20 158 203 230 230 158 -1 114 114 129 129 78 114 176 20 78 78 176 203 20 78 39 129 176 39 39 78 
122 122 90 90 23 90 90 97 252 97 195 225 43 43 90 23 23 97 212 90 195 195 212 155 155 122 225 43 43 90 
142 194 72 194 243 142 142 148 72 72 234 0 234 72 72 106 194 53 53 148 53 218 72 72 218 0 106 106 0 53 
31 31 208 208 69 118 6 6 118 154 201 201 31 69 69 118 69 69 231 231 201 134 69 69 -1 31 134 154 6 134 
131 172 131 104 244 46 46 237 172 172 46 65 65 46 20 219 167 219 20 65 237 167 104 65 65 104 131 65 65 20 
192 192 226 87 87 34 34 87 87 213 192 24 87 87 -1 112 112 34 34 164 24 213 24 121 121 226 112 164 87 121 
40 188 103 103 13 235 235 13 13 -1 132 188 56 56 40 103 132 56 56 188 132 222 147 147 56 40 40 56 56 222 
33 33 161 77 77 138 241 77 77 5 5 33 33 241 -1 185 207 207 77 77 99 99 5 185 77 99 138 138 185 161 
51 51 130 130 14 190 250 76 76 233 14 14 190 190 76 168 105 76 76 130 105 105 51 51 76 233 224 76 224 168 
95 151 173 95 64 135 23 23 247 64 173 135 64 64 135 220 220 151 23 36 95 239 36 64 64 173 64 36 36 239 
238 143 62 62 143 26 26 197 62 62 118 143 62 62 26 22 118 118 22 26 238 197 197 204 -1 204 22 169 169 62 
11 200 63 63 206 200 200 246 63 63 96 162 126 206 96 25 25 96 63 63 229 11 162 11 229 126 126 25 25 63 
191 89 89 100 100 223 225 225 149 89 149 191 248 16 89 191 16 32 32 89 32 32 136 136 16 223 89 89 100 136 
231 124 174 248 79 174 79 79 151 151 29 29 79 79 124 231 103 103 124 29 29 19 19 79 79 103 174 205 205 19 
183 183 49 81 81 49 49 123 183 -1 81 81 123 123 227 117 117 49 152 81 2 2 152 81 81 227 217 217 2 117 
187 187 83 83 250 215 159 159 144 18 239 215 102 144 83 187 83 48 48 18 144 48 102 102 83 239 18 48 83 83 
137 1 38 91 91 1 112 1 112 -1 38 38 181 181 147 214 214 38 91 91 137 137 91 91 181 234 234 112 147 91 
109 109 125 125 60 42 42 209 209 182 145 145 8 8 60 8 42 42 60 60 60 109 226 182 226 245 182 125 60 60 
28 28 210 119 84 128 119 28 84 119 84 84 148 233 233 128 128 196 196 84 210 196 17 84 84 28 17 148 251 17 
155 37 37 75 75 178 178 238 75 75 178 204 204 248 155 139 106 75 75 106 139 238 12 139 106 12 12 37 37 75 
242 162 68 68 41 133 41 133 68 68 189 189 162 245 68 133 68 6 223 223 6 6 189 104 104 41 41 242 104 68 
236 156 58 58 156 107 236 45 141 58 45 45 141 141 3 193 193 205 58 58 107 58 58 107 193 45 205 3 3 -1 
199 199 163 163 246 27 27 21 61 61 61 61 116 21 127 116 116 199 237 21 27 27 213 237 61 213 127 127 61 61 
217 217 115 154 154 47 47 73 73 180 9 47 47 73 73 180 9 180 249 9 115 115 73 73 140 140 140 232 232 73 
53 53 175 243 137 137 53 53 175 15 75 75 75 137 111 15 15 111 111 75 240 240 75 75 75 220 220 175 146 146 
210 210 199 199 57 150 244 42 42 235 150 101 101 7 57 57 57 57 42 42 199 235 140 140 101 7 7 140 57 57 
10 228 189 224 27 158 10 10 228 27 123 158 224 99 -1 64 64 64 64 123 189 189 27 27 99 123 99 64 64 64 
229 121 78 78 35 78 78 78 78 212 113 183 121 121 0 0 0 229 157 212 183 183 251 35 78 35 35 157 113 113 
129 129 215 215 59 120 174 174 249 59 230 230 45 59 59 59 59 59 120 120 129 4 171 171 45 4 45 45 174 4 
144 190 190 241 -1 114 114 9 9 144 54 54 114 165 190 85 85 85 85 211 165 144 85 85 85 9 211 54 241 54 
207 18 43 67 67 43 43 187 187 143 236 170 207 250 43 143 236 110 18 143 110 110 187 170 67 67 67 67 67 18 
76 76 76 76 30 30 30 235 235 153 188 136 153 98 98 11 11 30 247 76 98 136 188 188 136 11 219 219 76 76 
198 125 209 233 2 97 97 49 49 66 49 49 66 66 66 66 66 66 160 -1 125 125 2 2 233 97 198 198 160 209 
108 108 124 21 83 83 83 83 38 38 124 21 38 38 21 108 226 83 83 83 177 168 177 226 124 222 222 177 168 -1 

