$classes_schedule
31 31 18 18 24 12 12 31 18 24 12 12 7 7 0 12 28 28 37 42 12 12 35 35 37 7 7 0 0 24 
13 13 5 5 3 5 5 20 20 33 13 13 3 3 26 13 13 32 26 41 13 32 32 25 38 20 25 25 33 38 
30 21 21 22 22 16 16 9 9 22 16 16 2 30 30 9 9 2 2 21 16 16 36 36 39 16 27 27 39 44 
6 6 19 40 40 14 14 1 1 34 14 14 29 19 19 14 6 6 29 29 23 23 27 27 43 14 14 1 23 34 
8 8 29 19 19 11 8 8 24 28 11 11 1 1 28 11 11 33 33 37 11 11 19 24 24 1 29 29 37 41 
15 4 4 21 21 15 15 4 4 2 30 36 36 26 43 15 15 30 30 22 15 15 2 2 22 21 22 26 40 40 
18 18 38 38 42 10 6 6 31 25 31 31 34 34 27 10 10 3 3 27 10 10 6 6 18 10 10 3 25 25 
17 17 0 32 32 17 20 35 26 26 0 0 20 20 23 7 7 23 32 23 17 17 7 7 35 17 17 39 44 39 
25 25 8 8 37 1 10 10 29 37 10 1 28 43 1 29 29 10 10 25 20 20 10 10 33 8 8 20 28 33 
11 9 9 42 38 31 11 11 21 21 3 3 31 31 38 3 22 11 11 28 34 34 11 11 28 9 9 21 22 22 
5 15 30 0 5 24 26 15 15 5 5 19 39 36 36 0 24 24 39 26 19 19 15 15 44 15 15 30 30 0 
4 40 13 13 4 13 13 18 28 4 23 23 13 13 41 32 32 18 18 40 2 13 23 28 2 4 2 32 35 35 
16 32 32 25 18 18 1 16 16 1 7 7 16 16 32 25 25 35 27 43 1 18 37 37 27 35 16 16 7 7 
0 0 17 33 26 8 17 17 8 44 29 26 19 39 39 17 17 22 22 33 0 22 17 17 19 29 19 8 8 29 
3 3 31 4 23 4 37 14 14 20 36 27 27 42 3 31 14 14 31 36 14 14 4 4 23 23 20 14 20 37 
21 30 24 24 41 2 24 12 12 40 28 28 12 12 40 5 5 21 21 2 30 30 12 34 34 12 12 5 5 2 
1 1 6 6 43 21 21 22 22 12 1 30 30 40 12 6 12 12 6 35 22 35 30 12 40 26 21 12 12 26 
9 20 20 23 39 20 31 27 27 14 2 39 23 23 31 36 31 9 14 14 9 9 14 14 42 2 36 2 14 14 
24 11 11 41 0 29 29 33 11 11 38 29 11 0 7 24 27 38 24 11 7 7 0 19 11 19 33 7 19 27 
34 38 3 9 9 3 18 34 10 10 32 10 10 32 18 18 3 44 28 10 32 25 25 38 10 25 28 10 9 9 
19 19 34 3 44 26 4 13 13 3 4 4 26 38 13 19 23 13 13 3 4 38 13 13 32 32 32 23 34 23 
22 37 15 15 6 35 35 21 37 31 21 2 21 2 42 26 26 15 15 31 6 2 22 22 15 6 6 15 15 31 
40 16 16 30 30 25 25 36 36 27 20 20 41 27 16 8 8 0 25 30 8 8 16 16 20 0 0 40 16 16 
29 29 25 17 25 33 33 5 17 17 37 5 5 29 37 28 18 17 17 5 18 1 1 18 25 28 1 17 17 43 
33 24 26 26 -1 7 7 2 2 13 40 21 40 21 2 30 30 7 7 13 24 24 33 30 13 13 13 13 13 21 
10 10 10 10 8 34 3 25 25 8 19 32 32 10 34 27 19 8 8 32 25 27 39 39 41 3 3 19 10 10 
28 22 22 11 11 36 28 29 43 29 18 18 38 11 11 22 0 29 38 6 36 6 18 0 0 11 11 11 6 6 
14 14 14 14 1 27 27 24 40 42 24 24 14 14 4 35 35 19 19 19 31 4 31 40 14 31 4 4 1 1 
23 23 1 31 15 28 40 28 44 15 15 15 15 5 5 20 20 20 23 15 33 33 40 1 1 5 5 31 31 15 
20 34 23 20 17 9 9 23 23 43 17 17 17 17 20 2 2 27 40 17 27 40 9 9 17 30 30 34 2 30 

