$classes_schedule
3 6 5 0 4 8 3 9 8 3 5 19 1 4 3 4 3 9 1 3 19 6 3 0 0 1 10 1 5 19 
20 5 11 13 18 11 4 22 5 4 18 0 9 5 0 19 11 19 9 11 11 13 19 11 20 13 11 13 4 0 
14 1 16 -1 -1 14 23 6 23 5 1 10 7 20 7 9 5 6 7 5 1 16 9 20 16 -1 1 14 23 23 
9 17 23 6 0 23 19 8 17 8 6 -1 0 23 17 -1 19 13 23 0 10 23 13 13 23 19 23 9 -1 13 
12 7 12 9 11 4 6 11 11 1 -1 4 11 11 1 8 1 4 8 1 7 9 11 22 12 7 6 5 11 5 
8 15 7 18 13 13 21 18 7 22 8 17 15 16 13 16 15 14 13 17 15 17 15 16 21 15 14 7 15 14 
-1 8 1 1 15 15 7 15 1 15 14 6 14 15 22 17 7 15 17 15 16 7 14 8 9 6 9 17 1 16 
11 11 13 16 16 12 11 7 20 7 11 11 22 13 9 18 13 11 18 7 20 12 17 9 13 12 16 11 17 17 
23 13 20 23 23 16 16 23 16 13 13 23 23 6 23 14 10 7 14 13 5 5 6 5 14 21 7 21 20 7 
16 23 6 5 5 1 1 16 19 20 9 9 16 1 5 23 23 23 6 23 22 20 23 19 1 23 12 12 19 12 

