$classes_schedule
238 64 122 64 64 203 147 203 64 147 4 33 64 238 185 33 115 4 4 115 122 122 33 249 64 64 115 33 185 185 
135 86 181 -1 35 245 238 224 238 11 135 -1 35 118 -1 11 181 -1 135 159 181 11 -1 118 35 224 -1 35 159 118 
76 252 76 212 132 168 115 229 35 35 212 76 76 35 132 198 168 132 76 -1 76 5 115 5 5 198 229 198 115 35 
11 209 43 186 155 125 88 249 43 43 11 125 88 186 43 237 96 88 88 11 209 96 237 88 88 96 88 125 186 155 
36 203 157 36 55 176 142 107 142 107 240 203 -1 55 142 36 55 176 240 55 157 18 36 55 18 107 18 176 55 55 
236 236 65 205 113 198 19 50 198 65 164 244 137 50 65 113 205 137 137 50 113 164 198 50 19 65 65 19 65 65 
187 1 38 71 149 71 38 101 236 101 71 245 38 71 1 71 236 131 223 71 131 149 1 38 187 71 -1 101 131 223 
-1 202 12 12 234 -1 136 136 180 -1 136 107 234 202 180 107 64 37 107 -1 -1 250 37 167 12 37 180 37 167 -1 
4 207 4 89 89 174 89 89 89 89 174 46 164 106 -1 164 46 245 124 174 124 89 238 4 106 124 46 46 207 238 
195 50 129 129 115 -1 50 147 -1 -1 -1 -1 50 115 203 0 147 0 203 -1 238 195 195 115 238 50 -1 129 0 251 
-1 -1 144 0 205 41 144 113 41 0 191 -1 113 -1 113 83 -1 -1 191 153 205 153 244 235 41 144 41 235 -1 191 
73 39 23 174 73 39 174 132 132 116 211 211 174 73 73 73 132 116 39 248 225 73 23 73 39 225 23 -1 -1 116 
143 85 -1 17 32 251 227 85 -1 85 32 207 102 152 -1 32 102 85 -1 152 143 -1 207 102 32 17 85 227 143 17 
81 140 81 109 252 150 39 225 225 81 182 17 81 150 81 109 39 218 81 182 109 182 218 81 -1 140 39 39 -1 140 
169 12 107 43 81 81 107 228 81 12 43 81 138 250 228 138 198 169 43 138 81 43 81 203 81 12 203 107 198 198 
214 5 100 214 183 123 30 67 249 67 67 123 30 123 30 67 5 183 100 67 229 100 229 159 183 5 67 67 30 159 
-1 159 66 137 66 109 229 159 252 137 66 66 2 109 174 66 206 38 66 137 38 174 38 66 174 2 109 38 229 2 
225 168 17 100 74 74 141 17 17 38 38 185 205 100 38 100 74 246 168 74 141 185 74 74 141 74 225 185 38 205 
242 249 161 195 217 23 41 83 242 217 131 83 23 117 23 131 117 83 195 41 83 83 117 41 83 83 161 41 195 131 
252 128 28 158 120 210 -1 28 232 120 158 210 6 85 128 196 232 -1 128 6 28 120 -1 196 -1 28 -1 196 6 -1 
181 151 72 72 144 144 3 144 181 235 151 72 72 46 3 207 3 181 113 207 235 46 113 72 113 46 72 -1 72 46 
57 57 35 5 57 57 241 57 5 5 204 121 57 246 191 57 114 35 241 35 121 165 35 121 114 204 191 191 165 114 
231 10 85 85 85 97 85 10 52 231 52 188 85 -1 215 -1 152 188 132 97 244 132 85 188 10 97 215 85 132 152 
75 75 174 -1 75 4 237 213 4 4 237 105 135 45 45 105 135 45 213 75 75 75 105 174 152 152 174 135 243 75 
16 36 247 150 135 85 16 16 177 96 -1 217 177 36 150 -1 177 -1 228 36 -1 36 135 -1 -1 217 228 96 135 96 
3 200 -1 86 3 165 143 237 45 45 45 86 221 200 100 -1 100 221 86 200 165 244 86 143 3 100 143 237 45 86 
206 169 18 82 51 18 82 182 124 51 100 82 100 51 18 206 82 182 237 124 182 124 169 237 246 82 82 82 100 51 
8 90 90 8 109 130 109 90 175 240 90 247 156 8 109 35 240 130 156 175 175 35 202 90 90 90 35 202 35 130 
138 219 77 45 104 104 201 77 104 201 146 45 235 138 146 45 77 244 16 -1 16 77 201 77 45 219 138 77 235 77 
142 142 211 25 196 78 25 25 196 98 78 78 196 228 98 78 10 168 211 78 168 78 10 142 98 10 78 243 228 25 
207 179 41 124 117 171 124 8 8 76 246 179 179 76 41 232 76 76 207 76 171 76 76 117 117 41 232 124 8 41 
53 132 62 172 10 62 150 219 62 53 113 132 53 62 235 62 172 113 219 10 62 10 62 53 150 247 235 113 172 132 
28 123 101 2 90 227 198 -1 123 28 2 163 101 101 227 243 90 90 28 224 90 224 2 198 198 123 90 28 90 90 
86 31 125 98 -1 98 125 31 218 8 31 200 86 98 8 86 238 200 125 238 246 200 31 86 86 158 158 8 86 218 
176 24 98 207 58 48 246 58 -1 -1 121 48 176 24 121 58 121 48 98 58 151 98 24 176 -1 207 151 48 231 231 
234 145 192 110 206 192 110 145 -1 2 44 44 110 144 44 -1 -1 192 144 252 -1 44 206 -1 -1 -1 234 2 2 144 
178 224 33 115 20 225 33 20 20 59 224 134 59 33 164 134 59 164 115 33 178 115 225 59 59 251 178 134 59 59 
63 63 171 120 240 211 63 27 240 189 63 171 129 27 189 211 63 129 120 129 252 63 27 189 8 120 8 27 63 8 
26 250 -1 217 145 132 65 12 65 26 145 26 217 12 -1 12 65 239 -1 132 101 190 132 190 65 190 101 239 101 26 
-1 186 213 -1 139 243 139 -1 -1 109 186 153 139 235 33 -1 186 235 153 213 4 -1 109 -1 109 4 33 62 4 33 
83 83 136 199 163 83 199 199 212 244 163 25 83 83 226 9 25 99 83 99 136 25 9 212 25 99 83 9 226 136 
183 30 223 125 63 233 117 30 233 183 6 63 63 154 63 63 245 223 63 125 117 30 6 63 6 117 125 30 154 183 
150 17 212 183 212 183 43 -1 -1 83 17 -1 107 107 83 133 43 43 133 150 43 228 83 -1 228 183 248 133 17 107 
41 245 140 140 -1 224 116 116 224 41 86 236 184 41 86 158 -1 158 11 184 -1 184 41 11 140 11 86 86 116 236 
70 70 103 123 24 70 47 157 70 24 243 237 200 237 200 200 47 24 123 47 213 103 47 103 123 70 213 70 157 70 
77 77 -1 225 168 250 77 131 77 111 180 208 131 77 111 -1 -1 208 77 131 111 52 7 180 77 180 7 168 7 225 
92 92 92 167 41 16 220 41 220 92 41 141 141 226 184 92 226 100 41 16 184 92 167 100 100 184 16 92 251 141 
1 60 96 29 29 60 157 190 125 237 125 157 96 125 29 190 1 60 60 237 29 203 96 60 203 60 245 1 60 190 
128 239 199 56 56 213 14 14 199 115 56 14 115 239 115 156 38 56 38 38 128 199 56 156 56 213 38 252 128 56 
244 143 -1 200 200 143 55 55 55 55 200 103 210 28 55 23 156 236 55 23 210 28 28 23 55 236 156 103 103 28 
114 26 26 189 87 126 87 4 230 87 189 189 224 87 87 4 230 87 26 114 114 87 4 224 26 162 126 162 126 247 
133 133 176 203 236 69 69 49 24 95 -1 176 49 69 176 145 69 133 145 245 49 69 236 95 69 69 24 95 49 24 
237 149 1 83 1 119 83 1 83 121 203 174 251 149 27 119 237 174 121 83 203 121 174 83 27 119 27 83 27 83 
-1 167 -1 48 128 99 -1 176 48 221 176 225 99 48 -1 -1 -1 3 67 167 221 176 128 3 48 128 3 249 225 99 
152 71 39 99 99 129 129 39 39 249 201 71 71 -1 241 22 22 39 71 211 71 211 152 201 71 201 99 71 22 241 
72 102 128 52 14 175 102 234 72 128 72 221 14 128 243 72 72 72 52 147 234 14 102 52 52 72 175 221 175 147 
232 157 94 16 172 246 -1 172 210 232 132 119 132 26 94 26 -1 157 94 172 132 119 94 94 119 16 210 16 94 94 
129 114 216 -1 34 87 158 34 114 216 34 34 231 174 -1 231 174 -1 8 87 8 129 8 158 87 129 114 251 174 87 
68 182 142 68 68 68 214 68 99 182 142 68 152 142 -1 99 252 12 48 226 68 12 182 152 214 48 226 12 48 48 
100 238 73 248 100 238 223 185 1 73 1 100 73 1 54 54 73 142 54 142 161 161 142 54 185 223 185 73 73 73 
40 225 40 223 223 116 0 40 0 165 116 77 225 165 77 77 141 141 40 141 193 193 77 116 0 77 77 193 77 250 
121 120 64 236 201 201 155 64 10 10 64 155 52 52 64 222 52 121 10 64 222 64 -1 64 121 52 236 120 201 252 
224 3 178 252 229 134 74 3 44 158 3 98 178 74 74 74 44 74 74 134 158 229 44 134 44 178 224 74 98 98 
246 15 80 126 -1 194 15 80 169 80 80 226 80 96 211 -1 126 -1 126 80 80 226 194 -1 169 15 96 211 96 194 
184 22 184 22 -1 80 80 248 184 229 22 41 151 129 129 80 229 41 129 109 41 215 80 80 151 109 80 215 80 109 
-1 163 30 134 180 30 134 180 243 68 97 24 206 30 238 68 68 180 68 30 134 97 97 163 24 238 68 206 24 68 
177 23 70 70 -1 136 70 231 120 177 231 70 136 70 136 48 120 210 244 70 70 23 120 48 177 23 -1 210 151 151 
52 158 131 187 52 235 187 110 92 110 92 92 92 249 131 235 92 110 15 158 187 15 214 92 131 92 15 52 52 214 
245 164 -1 218 175 112 164 94 143 112 94 143 241 25 218 241 94 25 143 94 17 175 25 25 94 94 112 94 -1 175 
80 242 244 96 50 21 242 -1 -1 50 167 96 -1 197 143 197 80 80 50 96 21 143 204 197 143 167 21 204 -1 50 
79 97 139 24 39 139 79 24 209 225 24 -1 170 79 39 97 79 225 97 209 170 79 79 39 173 79 173 139 173 39 
126 0 45 240 0 -1 98 70 247 70 171 -1 126 -1 240 98 188 203 70 45 126 188 45 45 70 0 98 203 188 171 
-1 217 141 4 53 217 4 -1 192 -1 168 239 245 114 114 -1 53 114 53 239 -1 53 141 -1 192 141 -1 192 168 4 
78 27 3 3 78 -1 203 247 121 78 177 238 114 121 177 3 203 238 114 -1 78 27 149 114 78 149 177 78 78 121 
182 139 207 118 -1 32 236 139 -1 62 62 139 236 -1 32 24 182 -1 182 118 32 207 32 62 62 245 -1 165 118 165 
229 93 132 229 26 3 93 154 93 188 217 154 26 93 26 106 217 93 3 3 188 26 93 132 132 106 93 106 250 188 
67 6 239 143 193 26 6 26 67 203 117 193 67 67 67 143 151 143 117 244 26 67 203 6 67 26 117 151 239 193 
124 124 56 168 220 56 -1 103 29 103 10 248 29 10 56 201 56 29 56 220 56 238 124 56 29 168 103 238 -1 10 
85 21 250 235 129 29 235 212 85 129 172 116 21 172 85 29 29 167 85 212 85 85 29 129 -1 172 116 116 85 21 
17 138 232 87 215 17 138 87 87 199 98 152 43 43 199 87 98 98 87 43 87 152 215 245 199 138 87 17 43 232 
14 80 52 242 80 124 52 52 80 186 110 80 242 219 14 148 110 124 243 186 14 80 52 186 80 110 124 80 148 219 
179 166 0 179 219 118 62 138 118 166 30 30 -1 0 62 236 179 62 30 236 219 0 30 138 251 62 62 138 62 62 
200 61 -1 117 136 61 61 32 32 117 228 117 202 4 246 228 61 136 202 4 61 158 136 200 61 200 61 158 32 32 
18 175 111 215 247 64 111 18 144 64 50 64 215 175 50 160 50 64 175 144 160 50 64 144 226 226 64 18 64 111 
116 116 -1 75 36 36 75 250 36 191 225 127 212 75 75 75 12 75 225 116 12 191 127 75 191 127 36 149 149 12 
51 11 -1 -1 -1 240 120 240 246 142 198 212 198 159 89 89 11 -1 89 89 198 159 11 120 120 212 89 89 89 142 
30 18 218 -1 230 -1 183 218 30 108 108 160 183 -1 70 30 125 -1 252 18 108 183 70 230 125 -1 30 160 125 18 
45 221 241 -1 221 241 153 15 139 -1 178 109 109 -1 15 15 109 73 -1 73 139 45 243 178 153 45 73 178 139 45 
24 87 87 51 -1 195 210 124 -1 171 252 87 171 124 117 117 87 51 233 24 195 117 87 24 195 210 233 87 87 124 
33 73 156 232 19 33 73 73 126 19 199 206 246 97 232 19 97 126 73 199 73 33 126 199 73 73 206 97 33 156 
202 226 187 73 187 73 226 118 73 145 73 73 -1 17 202 118 54 54 17 54 54 17 73 145 118 142 142 248 142 187 
226 29 29 133 70 219 195 106 226 106 70 106 20 251 20 70 195 70 29 20 133 29 219 70 155 133 70 155 70 195 
118 131 197 42 238 197 86 86 86 86 42 2 118 2 42 216 2 243 131 86 118 86 216 131 147 86 42 147 238 197 
29 122 -1 219 122 65 29 65 176 176 65 151 65 65 4 176 4 65 65 151 112 112 240 251 122 29 4 219 240 29 
96 205 143 243 30 77 5 5 96 77 77 205 77 188 188 5 30 77 160 77 77 239 143 96 188 30 239 143 160 30 
64 99 158 221 158 121 64 51 51 99 173 229 229 64 10 64 51 173 64 121 64 173 252 10 99 221 51 121 10 64 
247 84 116 53 116 84 84 84 178 178 129 1 84 53 171 116 129 228 1 84 228 202 84 171 178 202 129 53 1 53 
123 98 89 149 123 89 243 98 187 220 220 187 41 89 7 229 41 123 229 7 98 41 89 89 89 89 187 7 41 149 
251 28 83 1 83 28 196 196 129 148 83 148 28 112 28 1 83 242 208 208 196 1 -1 242 129 112 -1 112 83 129 
62 244 182 62 62 182 232 62 105 132 26 62 62 105 105 203 145 26 20 145 20 62 26 20 232 203 132 132 26 182 
6 198 51 101 60 101 51 241 137 241 149 198 51 223 223 6 60 250 198 149 60 60 51 -1 101 6 60 60 137 137 
136 161 67 106 48 67 205 238 14 161 48 173 106 136 106 238 67 205 14 136 48 245 67 67 14 67 48 173 67 173 
198 211 133 30 198 0 159 97 -1 30 133 133 97 243 -1 85 85 159 0 -1 30 -1 226 211 30 -1 198 226 97 0 
0 248 61 114 241 27 27 143 61 143 114 61 0 143 61 218 218 241 61 27 0 197 147 27 197 61 147 114 61 -1 
189 72 189 142 72 72 44 72 115 44 -1 115 157 72 252 14 142 44 72 44 142 189 239 14 157 208 208 72 14 239 
74 117 -1 6 -1 244 240 74 6 74 74 156 117 156 141 202 6 30 141 202 74 74 196 30 196 240 196 141 74 117 
38 141 58 38 141 58 101 38 58 58 215 164 22 58 229 189 101 229 101 189 58 38 189 22 215 164 141 244 58 22 
48 78 48 78 127 223 48 78 78 48 175 175 5 78 78 111 227 175 227 156 156 127 78 -1 111 111 5 127 223 5 
-1 121 121 121 42 185 154 -1 -1 42 234 234 250 19 116 42 185 -1 116 185 207 -1 116 -1 42 19 154 207 19 67 
205 56 16 33 33 179 233 56 179 56 16 233 121 56 97 121 33 97 33 56 179 205 121 248 97 56 168 56 16 168 
110 134 234 77 77 -1 234 11 110 31 250 -1 31 110 11 210 -1 11 181 155 -1 31 134 181 181 155 -1 31 210 134 
98 191 84 209 84 191 121 121 158 209 19 241 98 84 52 -1 84 52 19 246 84 84 158 84 241 121 19 98 191 52 
43 67 204 67 67 204 67 163 172 141 141 43 230 141 249 172 0 67 111 0 67 111 43 172 163 -1 230 0 111 43 
137 52 112 112 112 66 180 66 167 223 251 52 223 137 66 52 180 18 18 180 66 235 18 137 167 66 52 66 66 235 
153 193 117 93 43 93 137 43 153 242 242 8 8 193 93 193 137 117 221 93 137 93 247 93 43 8 221 43 117 93 
175 58 8 146 8 52 250 214 133 52 58 58 133 133 58 175 108 8 108 52 52 241 146 241 58 175 58 58 214 108 
113 199 86 23 86 86 209 33 33 23 140 140 33 86 225 209 86 86 169 225 86 252 199 169 33 199 113 23 140 113 
55 35 203 156 235 55 189 128 128 16 235 55 119 189 156 128 119 55 189 203 35 55 251 35 16 35 55 55 119 16 
235 81 114 81 250 50 114 81 -1 114 -1 50 143 81 210 154 81 1 178 143 50 154 50 1 210 235 1 81 81 143 
131 42 202 119 166 24 202 174 237 250 85 85 24 42 119 174 42 166 119 85 42 24 131 85 85 85 131 174 237 85 
99 129 99 198 91 91 -1 198 151 248 29 129 91 198 99 91 91 17 234 91 129 151 17 29 17 234 29 224 224 91 
87 48 233 14 -1 14 -1 195 195 205 87 145 243 205 130 -1 48 233 -1 48 116 130 48 87 116 87 145 195 130 14 
-1 8 -1 128 199 8 49 -1 -1 153 49 216 153 231 49 96 49 199 96 8 199 -1 -1 231 96 216 -1 128 252 128 
61 41 238 41 190 113 24 221 136 113 -1 -1 -1 190 -1 41 113 61 24 221 190 170 61 238 -1 24 136 170 136 249 
241 9 194 247 130 148 194 9 241 194 205 94 94 94 205 94 116 94 148 9 94 94 34 130 130 116 34 34 34 -1 
115 189 146 57 142 115 26 189 57 57 115 0 189 146 0 225 26 57 142 218 57 225 0 26 142 218 57 26 57 244 
221 43 198 11 96 43 57 122 122 198 122 252 11 170 234 43 57 170 57 198 96 57 -1 57 11 57 43 57 234 221 
35 4 214 84 232 214 35 35 98 84 247 4 4 -1 175 84 175 84 35 232 153 138 98 175 84 98 153 84 138 84 
204 33 165 61 61 199 119 165 119 61 61 137 61 61 9 61 9 240 199 204 33 137 137 33 9 33 251 240 199 119 
23 46 229 92 92 92 105 148 46 105 46 -1 193 92 92 123 23 46 206 229 23 206 193 148 92 193 105 123 249 92