$classes_schedule
26 25 44 5 5 18 34 12 5 12 34 32 12 32 18 18 26 2 5 32 2 12 25 12 37 12 37 2 12 25 
6 23 35 17 31 31 -1 6 17 17 38 27 23 35 20 38 17 17 1 17 6 42 23 31 1 27 1 -1 6 17 
22 22 26 30 -1 0 38 30 8 8 8 22 38 41 36 21 -1 0 36 -1 0 11 11 -1 21 30 8 21 11 26 
2 31 4 24 34 15 19 41 15 19 15 15 24 19 37 37 34 4 4 31 31 2 28 15 4 28 2 15 24 15 
32 32 8 20 24 -1 15 39 26 24 1 39 1 15 1 15 15 8 8 26 34 8 15 32 24 15 34 20 15 20 
24 4 11 4 11 27 40 4 20 11 40 11 3 27 24 4 11 3 33 11 11 29 20 33 20 29 24 29 41 -1 
31 12 20 23 20 43 7 23 33 40 12 1 33 7 12 40 12 1 26 20 1 7 12 23 26 31 12 31 7 12 
30 3 38 3 30 25 11 35 9 9 26 43 11 20 11 11 35 25 9 9 -1 26 30 11 -1 11 38 25 3 11 
39 30 39 21 22 30 21 8 27 22 35 35 13 8 13 27 13 21 22 1 -1 13 13 8 30 8 13 41 13 1 
37 34 5 10 1 32 32 10 -1 18 10 18 25 18 25 34 37 10 10 5 5 10 1 25 5 10 32 27 1 44 
21 35 9 22 40 12 30 22 21 28 21 40 2 9 9 12 28 12 12 12 9 30 -1 22 35 2 41 12 2 30 
-1 18 36 15 15 36 26 2 40 15 -1 24 31 2 15 31 7 31 24 15 15 15 24 7 7 18 43 18 40 2 
15 15 42 1 29 34 9 1 -1 37 9 23 15 26 19 19 19 15 15 34 37 23 29 26 15 9 15 23 9 29 
36 36 31 11 37 41 1 37 11 7 19 26 7 1 22 7 1 11 11 22 26 19 31 19 11 7 11 11 31 22 
11 11 33 2 28 5 5 33 18 2 11 30 18 11 5 -1 22 30 30 2 22 40 42 5 -1 22 28 40 -1 18 
27 19 12 12 12 3 12 9 19 32 44 36 9 12 27 32 40 32 40 24 12 9 3 24 12 36 9 24 19 3 
14 7 3 14 18 40 44 24 7 14 7 14 30 24 3 30 18 14 3 40 24 14 27 18 27 35 14 35 30 7 
12 21 40 28 23 2 -1 5 2 21 5 12 -1 34 23 2 23 28 -1 -1 32 41 21 34 32 32 5 5 -1 40 
13 9 13 13 39 21 13 25 28 30 30 13 28 30 21 9 9 13 0 43 33 33 0 13 25 25 21 0 39 9 
5 5 2 38 17 24 2 26 36 26 24 17 17 44 30 17 24 5 2 30 36 18 17 17 18 38 18 30 17 5 
43 24 30 19 36 19 -1 15 24 -1 2 5 5 5 2 -1 5 40 -1 36 19 24 40 30 2 26 30 -1 26 -1 
7 13 22 7 27 13 31 18 13 27 39 2 36 22 39 13 2 7 31 7 13 31 18 2 22 41 36 13 18 13 
35 14 24 35 32 4 24 21 14 4 41 -1 32 14 28 24 -1 -1 37 28 14 32 37 21 -1 14 4 14 21 14 
20 -1 32 37 0 16 28 16 22 0 32 20 22 16 4 -1 0 22 -1 -1 4 37 34 16 44 16 20 16 16 28 
9 1 14 18 14 -1 14 -1 41 1 14 34 14 31 40 22 -1 18 34 27 18 27 22 40 14 1 31 22 14 31 
10 10 21 8 2 38 10 38 32 34 28 28 21 21 32 42 32 23 -1 8 23 -1 8 10 10 34 23 10 8 10 
25 16 16 32 16 28 25 32 35 44 20 0 6 6 35 20 16 39 6 16 20 0 16 0 39 6 25 32 28 16 
18 27 1 9 10 9 18 29 1 29 25 33 10 10 10 1 10 38 27 18 10 25 9 9 29 33 10 43 25 38 
17 17 28 -1 6 6 17 28 -1 36 22 21 41 -1 17 39 21 36 32 21 17 22 32 6 17 17 22 39 32 6 
1 20 34 40 13 1 20 13 25 13 13 4 34 40 41 25 4 20 13 4 27 -1 4 1 13 13 27 -1 -1 -1 

