$classes_schedule
-1 90 97 90 97 70 86 70 115 25 70 -1 115 123 97 55 -1 25 55 5 123 86 5 -1 130 25 5 25 -1 86 
20 104 64 48 48 48 81 116 48 48 104 104 64 2 2 91 81 20 128 2 20 120 20 48 64 120 91 48 116 81 
115 3 74 17 50 50 50 3 50 115 106 3 17 94 127 94 50 17 129 75 74 50 106 -1 -1 127 106 74 17 50 
28 123 28 108 56 94 9 56 85 9 56 85 56 108 108 56 56 28 62 9 62 94 85 117 28 132 123 56 62 117 
70 81 70 16 99 8 47 81 112 99 47 99 8 16 47 16 16 8 47 -1 47 131 112 94 127 94 47 127 -1 47 
-1 117 131 124 2 67 53 53 53 90 26 26 26 90 117 97 67 67 2 -1 2 -1 -1 79 124 79 97 79 26 53 
49 49 16 11 113 -1 90 90 70 16 49 122 11 77 49 49 113 16 -1 77 70 49 122 49 70 77 11 -1 16 130 
88 -1 3 98 -1 -1 98 75 98 -1 -1 41 -1 41 118 88 -1 75 41 74 119 118 41 74 41 3 41 119 -1 41 
123 37 37 12 70 132 80 28 123 37 37 12 37 28 12 70 37 -1 112 70 80 80 28 108 108 37 108 112 28 88 
132 71 27 110 122 31 27 122 92 27 107 71 1 1 107 78 78 110 27 107 31 31 31 31 1 31 78 31 92 71 
-1 19 126 32 78 73 94 78 19 32 3 130 73 3 32 115 94 73 78 126 98 115 32 32 32 19 19 -1 3 32 
-1 84 49 49 84 21 21 105 21 49 11 125 95 -1 -1 125 66 49 66 66 -1 -1 21 -1 84 95 131 11 49 11 
13 40 66 -1 66 79 123 -1 13 40 123 -1 66 110 7 79 93 93 40 -1 79 128 40 -1 13 -1 110 7 13 40 
124 66 57 130 105 66 57 57 124 95 19 57 19 116 57 75 19 105 4 19 4 4 95 105 116 75 66 75 57 57 
19 57 -1 -1 81 102 11 -1 57 102 71 117 102 117 71 57 -1 57 57 71 57 126 19 81 -1 57 81 95 11 95 
32 32 32 101 32 75 101 32 101 67 75 89 127 24 10 32 10 10 67 127 75 116 116 132 89 24 24 32 67 24 
40 12 12 97 71 129 40 40 40 96 22 40 22 12 81 96 71 113 126 22 71 22 97 113 81 40 126 40 81 97 
92 45 22 10 45 22 124 117 45 45 -1 129 67 45 124 67 -1 22 45 117 10 45 -1 -1 92 22 67 10 80 101 
58 -1 58 79 12 16 12 58 122 -1 58 16 16 96 106 106 131 79 118 12 106 58 16 96 58 58 79 122 118 -1 
98 74 75 93 98 54 116 -1 54 13 74 54 6 125 125 54 75 116 13 54 6 54 98 13 93 54 13 6 129 75 
37 119 95 22 37 103 64 37 103 85 64 95 -1 37 0 37 110 -1 64 -1 37 103 132 0 22 -1 37 0 -1 22 
68 2 -1 28 51 -1 -1 121 51 128 99 116 51 -1 99 -1 116 94 -1 68 51 2 77 51 68 99 121 2 51 51 
67 132 48 20 -1 100 92 67 100 122 12 77 20 48 116 12 100 122 92 -1 48 20 48 12 77 -1 116 67 77 20 
105 105 1 74 83 37 37 1 120 1 83 120 128 74 21 83 105 37 21 96 113 74 96 37 113 21 21 37 37 37 
82 21 40 73 91 -1 91 73 -1 82 112 106 21 21 -1 131 11 112 82 -1 122 11 11 106 106 -1 40 21 122 73 
128 125 90 80 10 60 114 60 102 60 102 -1 25 64 64 90 64 80 102 25 125 60 25 10 60 80 114 60 10 60 
114 -1 108 92 92 23 39 23 73 108 114 80 80 -1 126 73 80 9 9 39 23 9 39 23 126 39 128 108 73 39 
43 25 -1 25 114 4 -1 43 -1 78 132 43 89 70 25 124 25 -1 43 -1 -1 124 78 -1 43 43 70 43 78 114 
96 76 132 121 35 113 113 19 76 35 5 76 98 19 73 19 35 19 73 98 5 73 121 35 35 35 96 -1 5 35 
10 92 72 111 59 99 111 79 72 59 10 10 30 120 79 132 59 30 120 30 99 30 72 59 59 92 99 59 79 59 
53 118 4 129 86 118 126 98 4 53 28 28 53 93 65 86 53 126 98 86 53 53 4 28 53 28 65 65 93 98 
130 86 14 86 102 12 102 12 12 94 120 58 14 58 58 71 58 86 14 58 58 71 120 102 115 115 14 71 58 94 
39 24 24 115 -1 115 128 93 62 39 101 2 87 87 62 87 39 2 24 93 39 101 -1 24 62 101 122 39 2 122 
1 129 88 62 13 13 48 48 87 113 48 87 62 13 123 48 48 48 87 101 101 13 101 88 48 113 -1 123 1 1 
0 64 89 64 85 61 107 64 89 0 -1 114 15 85 -1 0 15 -1 15 61 114 15 129 127 107 61 85 -1 107 -1 
75 124 62 18 104 96 112 50 75 50 50 62 104 5 96 50 62 5 18 104 112 18 50 75 50 130 124 5 50 18 
48 67 118 126 0 91 -1 14 14 126 78 48 78 128 48 118 0 91 -1 14 14 104 -1 67 78 67 48 104 0 104 
59 126 110 59 126 104 24 104 59 24 -1 59 24 -1 -1 59 63 12 59 63 63 59 82 82 12 -1 104 12 130 110 
15 15 56 106 -1 -1 56 15 5 -1 -1 88 106 56 111 15 83 111 83 83 88 129 -1 -1 5 56 120 106 -1 5 
100 10 60 112 60 10 28 -1 80 120 60 100 10 129 70 60 28 60 94 112 94 28 100 60 80 70 60 80 -1 120 
118 35 15 15 132 1 -1 63 79 98 35 79 63 98 35 1 -1 15 79 15 91 91 35 1 118 126 63 126 98 -1 
25 122 122 1 1 40 104 -1 25 104 72 132 72 82 40 25 40 40 104 82 -1 82 1 110 40 110 25 72 90 90 
17 130 116 123 42 72 88 100 82 72 42 42 123 42 17 9 82 88 72 42 100 17 42 42 9 9 82 116 100 17 
77 99 34 77 95 34 34 112 77 28 34 70 70 112 28 28 99 34 132 34 12 70 123 95 99 12 12 28 34 -1 
117 55 55 24 -1 74 121 77 55 77 55 93 9 9 74 24 24 -1 103 55 93 55 74 -1 117 -1 103 55 121 103 
72 72 106 72 106 45 45 119 8 14 45 45 82 8 82 14 130 45 88 116 116 119 45 45 14 82 88 14 8 106 
56 8 115 56 8 29 79 65 109 56 65 131 121 -1 56 8 109 65 109 121 29 56 79 92 79 29 56 115 56 29 
74 80 105 40 40 119 18 80 114 114 18 90 18 40 80 2 18 119 105 40 40 40 2 2 74 128 105 90 40 74 
122 73 112 122 73 52 52 -1 -1 76 73 -1 -1 52 112 76 -1 -1 76 -1 3 52 94 52 52 129 52 100 94 3 
22 -1 120 100 39 85 71 39 -1 118 85 118 85 100 92 22 22 39 71 120 8 100 8 22 39 71 92 129 39 8 
41 85 41 41 125 25 125 -1 -1 116 103 91 116 25 91 -1 103 103 -1 85 25 6 71 85 71 41 130 41 71 25 
85 112 69 69 88 35 35 123 6 105 105 6 35 23 23 23 69 85 35 35 35 23 105 123 85 6 35 130 88 112 
52 107 52 85 52 107 16 62 52 107 16 0 0 -1 16 52 128 117 52 119 52 85 62 119 16 85 117 62 -1 0 
71 108 53 118 53 24 89 130 24 5 108 127 71 53 53 53 118 71 86 89 24 5 86 5 24 108 86 53 53 127 
126 29 33 33 33 -1 73 89 131 33 33 78 29 -1 -1 99 89 33 -1 -1 126 78 99 33 73 114 73 99 114 78 
45 14 45 45 -1 121 130 66 81 -1 1 66 117 -1 1 45 -1 81 -1 103 45 -1 103 103 -1 81 45 45 117 -1 
62 16 80 109 46 127 127 16 46 80 46 4 4 46 114 46 96 114 46 62 16 132 109 62 96 16 46 4 109 80 
30 94 30 103 55 116 55 55 30 7 76 7 94 55 55 66 125 130 116 76 55 66 66 76 7 103 30 103 125 55 
120 120 84 113 30 57 84 131 105 30 90 105 -1 30 84 105 57 74 74 4 30 113 57 57 57 74 57 57 4 4 
127 115 98 78 58 62 14 127 58 58 98 14 12 14 132 92 92 58 12 115 78 62 58 78 98 62 -1 58 12 58 
119 22 82 -1 22 92 22 108 119 69 40 92 40 22 129 116 108 69 3 -1 108 3 69 40 82 -1 3 82 -1 116 
97 58 10 58 89 58 20 120 20 79 97 73 58 73 131 58 20 97 58 79 73 10 89 114 20 10 58 114 120 79 
80 68 124 39 7 -1 -1 -1 111 -1 7 39 68 -1 39 39 -1 -1 39 94 -1 7 68 39 100 131 39 94 124 -1 
113 109 109 125 129 55 109 84 67 55 67 19 7 92 113 84 55 55 -1 84 19 19 125 55 67 7 55 19 55 92 
-1 -1 50 50 77 108 13 91 91 110 124 50 124 72 50 13 72 108 8 110 131 108 13 77 -1 8 8 77 72 13 
6 48 104 13 69 111 69 13 125 89 6 13 48 104 89 85 85 6 48 48 13 48 104 125 132 48 69 85 48 111 
86 69 43 3 111 43 -1 111 15 43 86 15 125 69 15 43 3 43 130 69 97 43 43 97 15 97 93 93 86 125 
102 -1 93 27 -1 6 66 -1 66 66 -1 124 60 60 6 27 6 27 93 60 60 102 130 -1 -1 102 27 -1 60 118 
116 13 13 116 49 80 119 49 93 93 128 65 65 -1 104 104 -1 0 65 80 0 -1 80 104 49 -1 0 49 119 49 
50 50 65 6 123 109 6 87 130 88 110 110 50 50 30 30 88 87 123 87 50 65 65 109 109 50 6 50 30 30 
109 4 123 -1 75 93 93 61 69 61 4 109 111 111 109 4 13 61 61 13 61 69 61 69 75 13 61 13 75 123 
89 -1 76 71 76 71 -1 -1 16 57 57 119 108 57 115 119 115 -1 16 16 11 16 108 -1 76 89 71 131 108 -1 
12 114 23 114 94 41 41 -1 23 109 122 -1 109 -1 67 122 -1 23 -1 23 109 12 12 41 94 -1 -1 128 -1 -1 
3 75 -1 75 -1 -1 75 -1 3 15 15 126 99 132 94 126 36 -1 -1 99 15 36 113 3 36 15 94 70 99 113 
5 82 47 29 108 5 108 -1 108 47 95 67 -1 47 5 82 29 124 29 67 130 29 67 47 47 124 95 110 47 82 
-1 -1 130 5 29 106 106 5 90 74 29 82 74 61 29 -1 61 29 5 118 118 61 90 61 121 106 74 121 61 -1 
55 127 94 55 117 69 87 94 1 87 127 55 55 15 69 100 117 100 100 1 1 130 55 15 55 55 15 69 15 87 
8 26 127 8 36 77 77 114 36 26 109 -1 131 26 72 36 127 77 36 26 36 89 36 72 114 109 109 8 36 72 
4 78 128 67 4 78 67 41 41 117 125 20 92 107 41 41 41 4 20 78 41 92 117 20 125 107 107 20 41 67 
24 46 78 46 127 -1 78 110 78 46 24 128 110 7 24 127 46 7 70 24 7 88 88 46 46 100 100 46 70 100 
11 106 114 26 11 49 49 92 106 106 -1 49 49 11 130 -1 77 66 77 123 49 114 -1 66 66 26 49 92 123 77 
104 34 7 7 124 18 95 124 84 18 111 84 34 34 34 18 95 84 7 72 104 72 34 130 72 104 34 111 18 34 
26 97 8 -1 82 33 62 82 33 131 62 115 97 62 26 33 90 82 33 97 26 8 26 90 33 121 33 33 115 121 
73 83 35 83 -1 -1 120 106 10 83 130 35 91 35 27 -1 73 106 10 106 27 -1 10 -1 111 73 -1 27 27 91 
-1 128 21 76 -1 97 -1 8 94 8 94 -1 113 -1 -1 40 21 62 -1 124 21 21 76 124 8 -1 -1 -1 76 -1 
46 93 81 127 28 46 46 97 68 68 9 97 28 81 46 113 9 132 113 28 46 97 46 9 -1 93 127 68 46 28 
91 53 99 19 3 53 19 125 113 130 53 53 86 86 68 3 86 99 99 53 68 68 3 53 -1 91 53 125 19 19 
107 62 107 107 62 9 -1 26 86 86 92 9 45 113 86 62 45 26 -1 45 9 26 127 131 45 45 26 113 45 45 
131 9 100 61 9 86 -1 86 22 100 -1 -1 114 68 61 61 91 68 -1 114 -1 123 22 100 91 86 22 9 22 68 
18 18 5 68 121 42 68 42 132 111 80 107 5 80 42 42 5 96 42 18 107 121 107 80 18 42 68 96 111 42 
14 61 -1 99 61 88 61 99 7 81 61 61 61 99 88 121 111 121 131 81 66 111 14 7 61 66 7 81 66 14 
16 47 -1 47 16 98 -1 129 -1 4 118 47 118 4 98 47 119 47 -1 47 69 90 47 98 90 119 80 16 69 16 
111 101 63 -1 15 15 85 11 127 63 32 111 -1 127 -1 11 32 101 32 32 85 32 -1 101 11 63 32 15 32 15 
9 111 46 9 20 83 70 46 -1 92 20 46 83 83 20 103 -1 46 111 46 92 46 70 70 103 46 9 124 103 124 
129 88 102 54 54 110 2 21 2 54 2 123 54 75 -1 102 102 54 -1 21 110 75 75 -1 21 123 54 88 21 54 
64 28 101 131 38 28 118 118 38 38 38 8 101 78 120 120 8 64 28 91 38 38 64 8 101 78 28 78 91 38 
94 70 20 -1 128 81 97 -1 97 70 -1 94 -1 20 3 81 114 3 114 -1 -1 81 126 126 97 20 20 3 -1 70 
63 121 121 102 80 63 32 29 29 12 63 32 32 32 102 80 12 32 80 102 32 -1 92 111 131 32 111 29 29 12 
47 -1 86 -1 116 47 8 88 116 -1 88 17 129 65 121 -1 -1 -1 121 100 -1 47 17 17 86 -1 -1 86 65 65 
-1 11 11 94 -1 11 72 76 60 121 -1 121 76 102 -1 110 -1 72 110 -1 -1 -1 102 -1 102 -1 -1 76 -1 -1 
65 96 19 -1 96 65 65 126 -1 19 81 -1 81 -1 19 7 7 115 115 -1 81 -1 7 19 -1 -1 132 -1 126 109 
99 113 79 65 47 -1 99 47 47 65 8 113 47 79 8 65 47 127 91 8 127 79 24 91 -1 47 -1 47 132 99 
34 87 87 91 65 126 23 109 34 11 113 34 130 91 -1 109 23 11 34 65 87 34 23 11 34 65 23 34 113 126 
81 39 39 81 100 39 100 4 39 17 39 64 88 39 100 111 17 125 81 88 17 39 111 4 4 125 64 17 128 64 
112 98 92 51 112 51 51 9 9 62 17 86 132 17 9 51 51 98 17 92 86 127 51 86 17 51 62 98 127 62 
83 100 51 -1 74 117 83 6 17 51 100 74 100 124 95 -1 74 51 6 95 124 51 83 6 51 117 51 51 -1 132 
29 0 96 96 72 125 115 72 0 52 84 72 52 106 52 29 84 52 106 132 115 106 52 29 29 0 125 52 52 84 
90 42 -1 82 101 27 82 27 -1 6 -1 -1 90 101 66 6 120 120 -1 111 111 27 27 128 6 -1 42 66 82 66 
-1 36 36 36 119 76 129 71 71 29 36 29 119 97 36 89 97 76 97 29 89 110 9 36 110 76 29 36 9 9 
35 79 29 35 79 2 29 -1 128 125 96 101 79 29 -1 35 101 35 125 -1 96 35 29 116 2 116 101 35 35 2 
87 91 25 87 109 7 7 74 49 132 91 25 120 49 87 74 49 109 49 49 120 25 49 115 25 49 115 109 74 7 
66 31 85 66 31 14 31 85 11 31 93 11 31 66 93 -1 31 14 85 11 -1 14 119 -1 119 105 -1 105 31 129 
61 5 61 70 25 123 117 25 61 -1 25 5 105 95 75 117 70 70 75 105 105 95 -1 129 123 5 75 61 25 61 
2 -1 67 -1 67 19 -1 83 -1 2 -1 -1 93 126 83 114 98 50 19 50 132 98 114 50 19 98 2 83 -1 -1 
-1 52 73 52 87 114 17 17 129 73 52 52 -1 114 105 -1 123 123 1 52 90 105 87 73 105 52 87 1 -1 52 
60 60 26 60 6 82 26 69 26 123 82 60 69 109 60 123 60 89 69 109 82 109 6 89 128 60 118 118 6 26 
69 20 83 -1 5 56 5 96 56 101 69 -1 96 121 -1 5 121 -1 101 129 83 83 110 56 56 69 -1 101 110 56 
-1 -1 9 -1 14 124 110 102 110 91 -1 69 -1 -1 14 69 14 102 50 128 -1 87 124 14 69 87 50 91 87 102 
78 102 6 95 68 68 59 24 118 -1 68 24 126 6 78 -1 126 78 -1 6 95 24 59 -1 -1 118 59 102 102 128 
121 77 117 4 26 36 36 36 96 97 121 96 77 36 4 77 4 36 26 36 72 117 131 26 26 72 72 97 97 36 
110 56 17 88 110 17 3 107 65 3 131 56 3 88 85 107 65 56 56 56 56 107 56 120 65 17 17 120 85 85 
-1 110 2 37 120 120 132 2 37 71 87 102 2 71 110 -1 87 18 37 37 102 37 37 71 37 18 102 87 89 89 
79 -1 111 -1 107 3 -1 -1 107 124 79 36 -1 67 128 -1 79 107 124 3 67 67 -1 16 3 111 36 -1 96 96 
106 1 -1 119 -1 44 25 44 83 44 -1 1 -1 130 -1 112 106 83 25 44 44 96 44 25 112 96 1 44 106 119 
54 17 -1 120 17 0 131 113 104 75 0 75 75 54 54 17 54 104 90 17 54 0 54 54 120 90 113 63 63 63 
42 30 125 42 130 101 4 30 117 42 89 30 42 89 101 101 42 42 30 73 117 125 73 83 42 4 4 73 83 83 
7 95 42 105 118 105 42 7 42 127 13 83 13 63 13 95 132 13 127 7 42 42 63 118 63 83 83 42 42 105 
101 -1 68 2 -1 87 -1 101 28 -1 119 68 -1 115 119 -1 2 92 68 130 28 -1 -1 87 87 2 -1 -1 101 115 
-1 7 113 53 93 26 105 128 126 64 126 -1 -1 105 77 26 26 53 53 113 64 77 53 64 -1 53 77 26 105 93 
125 63 77 117 24 -1 1 -1 -1 36 77 98 36 131 63 98 1 24 117 125 77 1 -1 63 88 88 98 24 24 -1 

