$classes_schedule
95 57 79 3 91 42 87 23 42 3 42 87 79 51 68 57 57 42 51 79 23 42 42 42 68 91 51 23 23 3 
11 39 39 39 39 58 4 4 11 91 58 74 -1 49 39 65 39 4 49 74 58 65 96 11 11 49 87 87 39 91 
20 75 75 37 55 50 50 37 9 37 94 50 55 55 75 37 9 89 20 37 84 9 37 20 66 37 66 20 89 84 
36 36 36 97 14 14 57 50 36 14 8 57 76 50 65 14 76 83 83 36 57 8 8 36 76 92 65 36 -1 92 
76 60 25 11 11 49 60 0 76 25 25 25 11 11 49 25 70 92 87 70 60 87 92 0 25 0 49 76 95 25 
22 84 95 36 36 36 1 88 60 76 76 60 84 36 36 36 51 51 22 22 1 36 -1 76 1 70 88 51 60 22 
-1 93 66 76 83 83 66 2 39 60 39 2 17 17 17 53 17 53 39 92 39 -1 -1 53 39 39 92 39 2 60 
80 3 32 82 49 32 55 55 32 32 3 11 82 32 91 11 91 55 -1 3 11 80 70 80 93 -1 11 32 70 32 
97 51 42 57 82 90 82 90 57 10 0 42 57 0 10 42 75 10 0 75 42 -1 71 71 42 10 75 42 51 42 
18 59 69 18 2 2 36 48 59 72 36 48 48 2 18 72 36 36 82 69 36 72 36 -1 36 90 93 82 90 18 
49 20 70 38 38 38 70 91 84 49 20 62 0 72 84 38 0 62 62 38 72 0 20 38 20 95 38 91 49 72 
38 91 56 84 13 13 47 38 70 13 77 47 38 56 38 8 8 91 8 84 38 77 47 13 94 38 70 77 38 56 
78 40 40 81 18 53 65 81 78 -1 96 18 -1 53 40 40 40 40 4 18 55 18 65 4 91 -1 53 78 4 40 
65 32 51 79 79 0 91 65 0 56 12 91 51 87 51 56 87 12 32 32 32 97 56 12 32 79 32 0 -1 12 
91 6 80 20 20 67 67 6 30 20 30 82 95 80 63 80 50 50 50 6 30 63 30 30 63 82 91 30 20 30 
90 4 74 53 53 28 24 63 81 28 4 93 90 64 24 24 64 28 74 53 74 24 81 28 28 28 63 4 63 28 
0 0 24 24 62 86 0 49 95 36 86 36 62 24 72 49 62 72 36 88 68 49 72 68 24 36 36 88 36 36 
66 50 33 1 1 73 33 1 21 21 33 21 -1 84 21 33 60 33 88 33 73 88 73 84 50 66 50 60 33 96 
56 82 67 10 56 8 8 40 92 40 73 54 40 40 54 10 73 56 10 8 92 82 40 67 -1 40 40 10 93 73 
60 52 83 60 44 60 9 76 44 44 83 44 9 76 64 21 21 52 94 90 21 76 90 64 44 44 44 21 52 9 
46 46 82 42 97 -1 71 78 58 78 -1 15 15 -1 92 78 71 58 -1 15 5 58 15 92 5 5 46 -1 42 82 
64 11 9 9 27 11 94 11 64 27 60 92 27 27 53 85 27 9 11 60 53 78 85 78 60 78 27 27 92 53 
19 71 -1 90 54 19 86 26 8 74 90 8 26 26 58 26 26 8 58 19 97 19 26 58 71 54 74 26 86 54 
55 10 -1 89 9 68 10 10 10 42 97 9 49 42 42 -1 77 49 55 42 77 68 49 85 89 9 85 55 77 -1 
92 -1 86 92 31 76 76 24 31 63 64 31 64 31 3 3 31 94 24 24 63 45 45 63 86 24 76 31 3 45 
43 15 43 -1 15 51 95 69 2 62 51 43 43 69 62 62 43 75 2 2 75 91 43 15 43 84 15 75 91 51 
25 74 5 91 50 61 25 66 61 5 50 10 50 25 74 94 25 5 61 25 10 66 86 91 74 25 10 86 25 10 
1 17 60 65 -1 72 92 97 65 45 92 45 72 60 45 27 -1 60 17 72 86 86 17 17 27 27 -1 -1 1 1 
10 85 46 -1 46 3 75 3 41 -1 10 -1 91 46 61 75 41 61 -1 85 64 64 91 10 75 61 41 97 41 41 
27 -1 -1 62 78 27 27 62 27 4 14 4 87 65 14 54 78 65 54 62 27 54 87 27 78 14 4 95 27 14 
61 16 31 93 74 16 51 87 51 51 31 0 88 16 31 16 74 87 70 31 31 74 0 88 31 31 61 70 61 0 
2 26 91 80 26 -1 26 85 26 26 80 97 22 68 60 50 85 2 60 91 80 -1 22 50 2 22 60 22 26 26 
8 89 41 41 84 79 16 8 71 84 41 41 16 41 89 51 16 97 79 41 62 62 51 8 51 41 79 16 71 62 
45 -1 88 71 16 -1 -1 30 3 82 -1 88 45 30 76 30 94 45 71 76 -1 57 82 16 16 76 57 -1 16 57 
51 33 78 85 0 56 11 33 33 11 78 33 65 89 85 0 97 0 33 11 56 51 33 51 33 65 78 56 11 89 
75 2 64 2 10 41 -1 41 88 41 53 75 41 10 41 81 10 88 41 10 41 75 53 81 53 -1 2 64 55 97 
26 83 3 26 65 63 83 14 63 94 46 46 92 3 26 -1 65 26 26 26 14 26 14 3 14 63 77 92 46 77 
42 97 55 68 -1 -1 12 92 -1 -1 9 55 83 12 -1 92 55 78 78 12 78 46 12 -1 9 68 83 46 9 46 
84 78 0 78 33 45 93 56 89 70 89 56 33 19 19 19 45 70 84 45 33 33 19 33 0 33 33 -1 0 78 
71 73 50 55 23 84 23 43 90 55 43 3 23 71 43 43 3 84 73 43 50 50 3 43 23 55 90 73 -1 43 
33 18 18 33 76 33 85 60 7 33 91 51 7 91 94 60 33 18 76 51 69 60 76 18 85 51 69 33 7 33 
89 55 93 50 89 20 30 83 55 75 70 20 30 75 50 70 20 20 30 -1 8 30 50 55 30 75 30 83 30 8 
39 68 62 45 45 10 3 75 68 39 62 39 39 45 88 93 88 85 75 39 3 10 39 39 10 85 62 3 10 75 
3 30 65 30 30 30 54 22 54 22 22 72 60 22 30 91 30 30 3 96 91 3 60 60 54 72 81 81 72 65 
67 31 89 31 24 31 89 67 24 31 6 95 74 6 55 55 86 74 6 86 24 31 31 74 55 50 24 50 50 31 
50 43 68 43 43 12 68 -1 85 50 88 -1 -1 74 8 12 12 93 12 50 43 -1 62 62 62 74 43 43 85 74 
85 12 61 12 92 85 45 32 12 61 32 12 3 61 32 76 32 3 45 67 67 93 -1 32 92 32 3 45 32 76 
63 63 23 51 77 94 43 51 43 89 23 64 8 8 23 77 82 43 63 -1 51 43 77 23 8 43 82 89 43 64 
86 42 6 6 42 18 18 45 45 59 45 76 42 86 6 18 42 76 42 89 18 59 69 59 -1 42 42 69 76 94 
32 53 -1 32 32 88 32 94 18 18 18 59 32 18 78 88 67 32 81 59 2 32 67 2 59 81 -1 53 53 2 

