$classes_schedule
154 175 77 154 175 77 197 154 113 113 146 14 77 35 146 77 77 203 105 77 197 105 77 35 35 35 14 105 14 113 
72 6 151 128 26 72 26 196 151 72 26 129 6 196 72 178 151 72 26 97 129 128 128 97 6 72 178 199 72 97 
82 92 33 82 150 134 82 150 186 125 15 33 33 178 208 82 33 125 82 134 92 82 15 186 82 178 150 92 125 15 
83 174 150 16 83 113 83 32 16 145 96 150 32 202 174 32 83 16 145 193 96 83 96 83 32 150 83 113 113 193 
58 45 107 152 58 174 107 45 58 110 17 174 152 140 58 152 45 17 -1 110 107 208 196 58 58 110 140 196 45 17 
91 21 21 136 192 21 2 158 158 168 136 201 168 74 -1 2 74 74 91 74 74 158 2 118 91 74 21 118 74 118 
148 3 169 96 198 60 128 134 128 43 128 60 43 3 60 169 60 148 96 96 60 3 60 198 60 148 202 134 43 43 
120 162 75 75 162 26 168 94 11 75 11 133 26 94 11 204 26 94 120 198 133 198 162 75 26 168 75 120 75 75 
98 125 23 140 49 49 181 125 193 19 19 49 98 193 165 165 19 49 49 23 125 23 199 49 140 23 49 181 165 98 
168 95 58 25 95 155 58 155 126 126 25 58 58 58 25 168 58 95 18 197 58 18 25 18 197 126 155 201 132 132 
191 32 32 141 51 51 32 -1 9 9 116 51 169 9 51 51 32 102 102 141 156 116 169 156 116 51 102 208 51 156 
142 161 111 55 25 161 3 96 192 96 183 55 25 25 192 161 3 3 25 55 183 202 55 55 142 111 111 96 55 55 
189 202 55 127 178 178 138 55 127 34 55 109 34 -1 156 34 34 156 55 156 55 109 127 138 18 55 55 18 189 18 
19 19 82 122 131 160 131 191 82 191 171 100 21 100 82 122 206 122 19 82 171 21 82 160 21 21 100 82 160 82 
144 0 193 165 119 88 119 88 165 27 56 56 144 27 56 177 0 208 119 165 0 56 56 56 27 56 27 193 88 177 
45 115 45 79 17 79 191 145 79 160 145 183 45 79 17 79 191 92 17 183 115 160 160 92 79 79 115 45 92 207 
178 29 109 199 60 110 10 60 60 29 29 110 10 60 160 29 109 60 110 10 160 140 178 196 196 60 60 160 109 140 
129 154 63 198 8 111 43 176 101 154 101 63 63 129 43 101 8 63 205 43 63 63 111 111 198 63 176 154 -1 8 
140 74 89 44 168 74 161 161 74 122 184 140 122 161 74 89 9 9 74 168 9 74 44 122 44 44 74 89 208 184 
21 188 202 172 7 121 85 188 164 7 85 172 164 21 121 146 121 85 85 21 21 85 108 7 108 108 146 85 164 85 
66 164 192 9 28 98 205 133 66 164 66 164 28 112 112 66 28 66 66 98 98 175 192 66 112 175 133 9 28 9 
122 77 108 171 77 122 202 108 163 108 2 46 140 163 77 140 46 2 77 163 188 2 46 77 77 77 122 171 188 46 
166 25 64 64 187 64 171 107 107 117 4 25 64 117 206 25 64 4 171 117 64 166 140 166 25 107 187 64 140 4 
158 64 95 47 138 95 64 111 138 111 111 64 171 47 64 47 158 200 64 64 95 64 158 19 19 192 171 47 192 19 
49 130 128 49 -1 25 7 49 49 25 98 98 148 49 98 49 190 190 7 130 207 25 170 170 49 25 148 148 128 128 
71 40 127 71 103 71 13 71 150 129 40 127 13 40 71 150 71 71 177 205 187 40 150 177 13 129 103 103 127 187 
134 5 76 30 76 76 155 30 30 187 5 111 201 109 76 134 76 30 109 111 172 155 109 76 76 187 5 155 111 172 
153 69 17 113 153 132 17 69 175 45 175 45 113 69 89 153 69 45 113 45 17 205 69 194 89 132 69 69 194 89 
56 157 56 157 10 42 56 157 118 56 168 10 42 99 118 42 194 56 56 194 168 99 10 140 99 140 118 56 202 42 
114 60 36 107 149 -1 198 205 17 17 114 -1 60 107 -1 -1 36 36 149 107 141 177 36 -1 114 149 177 17 198 141 
6 94 123 58 94 58 208 58 194 171 32 6 158 158 6 58 171 194 58 158 123 123 32 32 131 131 94 32 58 58 
113 85 104 33 206 138 104 85 15 85 104 155 85 192 85 85 15 170 155 170 155 113 33 85 113 33 138 33 15 192 
88 17 43 142 75 157 142 43 111 175 75 75 111 43 157 17 111 192 75 175 88 17 43 157 75 75 192 75 199 88 
186 91 28 3 65 65 122 65 65 186 178 65 3 208 28 157 157 65 140 91 157 122 3 91 178 122 28 140 65 28 
110 196 73 73 73 153 90 110 2 172 90 196 153 45 202 133 73 73 2 133 45 110 73 45 90 172 45 153 73 2 
130 55 4 155 55 55 23 118 177 4 155 23 23 55 4 118 55 185 185 93 118 55 93 93 23 177 207 55 155 130 
16 208 61 192 16 162 130 101 130 162 42 101 61 42 61 116 162 61 61 42 42 16 171 101 171 116 61 192 61 116 
62 27 19 117 62 117 105 117 174 62 188 62 27 174 162 188 62 137 137 105 105 19 62 27 -1 19 -1 205 27 62 
94 187 149 206 87 149 87 87 116 135 1 1 35 87 180 35 187 180 135 116 116 94 35 87 149 87 1 87 35 94 
32 67 172 32 32 32 134 195 67 67 166 17 92 92 195 166 92 67 126 17 126 67 126 17 200 134 172 67 67 166 
64 103 156 156 64 184 103 64 64 156 64 180 199 180 19 64 115 129 129 103 32 115 19 64 115 32 184 19 32 32 
121 201 27 163 27 84 91 5 121 84 84 163 195 84 175 91 163 84 5 5 27 84 121 175 135 27 135 84 91 195 
150 150 53 19 101 150 53 120 53 173 120 36 101 36 53 173 137 53 53 36 192 53 101 192 199 120 19 36 19 137 
199 71 71 111 159 176 71 44 44 44 159 191 88 71 44 88 176 111 71 88 71 1 1 191 136 159 136 71 1 111 
43 68 145 186 15 43 97 68 145 128 206 43 68 68 68 155 128 181 15 128 43 97 155 68 15 181 186 68 97 155 
162 200 48 185 115 17 185 17 162 93 144 115 178 115 48 48 144 178 162 25 25 93 48 48 48 17 93 25 25 48 
68 155 185 101 68 41 144 41 68 124 68 15 155 41 101 68 68 68 144 200 124 101 124 15 180 155 185 15 41 180 
26 198 60 178 151 4 60 26 120 120 60 198 99 130 99 60 178 26 4 99 151 60 151 60 120 130 26 4 60 200 
174 73 6 24 190 6 73 6 73 142 24 102 73 142 113 113 24 -1 73 24 113 174 207 102 162 162 162 102 190 73 
172 113 72 45 72 130 195 130 19 153 199 72 93 113 93 19 153 19 72 113 93 172 45 72 45 45 72 -1 195 72 

